500,0.00355242,0.0108545,0.00622379,-5,0,0.00737037,0.00828822,0.00774483,0,0,10
1000,0.00674835,0.0105803,0.00254403,-12,0,-0.0103458,-0.0116115,-0.00999346,0,0,33
1500,0.0037033,0.0135557,0.00420233,-23,0,-0.0260437,-0.036615,-0.0246361,0,0,56
2000,0.00575554,0.0090058,0.00411106,-34,0,-0.0359,-0.0492253,-0.0380816,0,1,21
2500,0.00574328,0.0143147,0.00579033,-45,0,-0.0421577,-0.0408897,-0.0386902,0,1,43
3000,0.00569806,0.0126027,0.00155757,-56,0,-0.0563148,-0.0578907,-0.0480273,0,2,9
3500,0.00416843,0.0115079,0.0025983,-66,0,-0.0420923,-0.0732132,-0.0367803,0,2,35
4000,0.00364769,0.0132617,0.00429946,-77,0,-0.0197196,-0.0361323,-0.0135994,0,2,59
4500,0.00435228,0.012032,0.00323487,-88,0,-0.0127589,-0.0171695,-0.00322114,0,3,24
5000,0.00356762,0.0125012,0.00252017,-99,0,0.0505093,0.0377898,0.0448487,0,3,48
5500,0.00472218,0.00915097,0.00302868,-110,0,0.0700655,0.0546813,0.0656848,0,4,14
6000,0.00512856,0.0133165,0.00178883,-121,0,0.10379,0.087773,0.111338,0,4,40
6500,0.00648294,0.0105565,0.00145403,-132,0,0.102892,0.0608753,0.0948181,0,5,6
7000,0.00431487,0.0133095,0.00422009,-143,0,0.0910918,0.0313219,0.105566,0,5,30
7500,0.00572417,0.0125255,0.00182196,-153,0,0.12382,0.106102,0.128245,0,5,56
8000,0.00505592,0.0124454,0.00417567,-164,0,0.0945706,0.125583,0.100404,0,6,22
8500,0.00428287,0.0139691,0.00230279,-175,0,0.139954,0.124995,0.135505,0,6,49
9000,0.00444273,0.0138754,0.00282199,-186,0,0.104312,0.142799,0.107072,0,7,15
9500,0.00340978,0.012617,0.00530508,-197,0,0.212108,0.20665,0.211024,0,7,41
10000,0.00615781,0.0109826,0.00397731,-204,0,0.106322,0.178561,0.110353,0,8,9
10500,0.00504057,0.0101731,0.00483399,-208,0,0.0971943,0.0543102,0.0875213,0,8,33
11000,0.00533048,0.0108999,0.00400739,-215,0,0.227991,0.161192,0.205069,0,9,1
11500,0.00430942,0.0107402,0.00386703,-226,0,0.140013,0.156453,0.154781,0,9,28
12000,0.00508459,0.0128653,0.00566651,-237,0,0.184,0.182409,0.197557,0,9,53
12500,0.00667302,0.0114757,0.00476821,-244,0,0.159812,0.178805,0.161518,0,10,20
13000,0.00690458,0.0121397,0.00501984,-244,1,0.115549,0.123379,0.115519,0,10,42
13500,0.00359171,0.0113828,0.00706668,-248,1,0.106003,0.0744553,0.108513,0,11,8
14000,0.00610293,0.0112286,-2.64533e-05,-251,2,0.219573,0.225826,0.217206,0,11,33
14500,0.00393784,0.0134841,0.00428528,-262,2,0.0471296,0.130578,0.0736499,0,11,58
15000,0.00406008,0.0117655,0.00317759,-266,2,0.0660287,0.0400587,0.0698469,0,12,24
15500,0.00760206,0.00797076,0.00128303,-276,2,0.148838,0.152104,0.143784,0,12,50
16000,0.00558295,0.013901,0.00331855,-287,2,0.162508,0.145764,0.168453,0,13,18
16500,0.00492247,0.00945818,0.00244874,-294,2,0.171651,0.188943,0.161994,0,13,45
17000,0.00263465,0.0113808,0.00392913,-301,2,0.262253,0.308717,0.244021,0,14,13
17500,0.00446845,0.0128302,0.00359323,-306,2,0.00993631,-0.0319566,0.0135139,0,14,37
18000,0.00718086,0.0094938,0.00509285,-312,2,0.241207,0.235634,0.232027,0,15,3
18500,0.00593819,0.0130884,0.00466423,-318,2,0.127931,0.103356,0.131037,0,15,29
19000,0.00691417,0.0116159,0.00533523,-323,2,0.194149,0.186135,0.182701,0,15,57
19500,0.00757514,0.0117255,0.00257737,-334,2,0.0575016,0.0492437,0.03821,0,16,19
20000,0.0060775,0.0123803,0.00451954,-341,2,0.106945,0.111063,0.109515,0,16,47
20500,0.00644436,0.0104153,0.00119897,-352,2,0.0763593,0.0766469,0.0747042,0,17,12
21000,0.0049127,0.0113339,0.00650021,-354,3,0.0385532,0.0877675,0.0471921,0,17,38
21500,0.00714785,0.0157686,0.00363627,-354,5,0.210195,0.270205,0.209869,0,18,5
22000,0.00617609,0.0119743,0.00600971,-364,5,0.163138,0.268965,0.169785,0,18,32
22500,0.00639421,0.00989724,0.00442769,-371,5,0.315429,0.29966,0.291071,0,18,58
23000,0.00457253,0.0100576,0.00448369,-382,5,0.154243,0.143488,0.167642,0,19,22
23500,0.00608097,0.0114456,0.000701461,-390,5,0.114451,0.0913421,0.101766,0,19,49
24000,0.0044058,0.00988432,0.00552344,-396,5,0.116124,0.14059,0.123787,0,20,14
24500,0.00507976,0.0132321,0.00328755,-407,5,0.113665,0.104752,0.120782,0,20,39
25000,0.00501931,0.0133818,0.00417986,-418,5,0.0943954,0.0900664,0.099013,0,21,6
25500,0.00437882,0.0096206,0.00198688,-425,5,0.269027,0.28595,0.235575,0,21,30
26000,0.0067787,0.0116336,0.00492252,-429,5,0.207318,0.196564,0.216094,0,21,51
26500,0.005529,0.012554,0.00192243,-434,5,0.113205,0.0931519,0.110493,0,22,11
27000,0.00315812,0.0133053,0.00462665,-443,5,0.056723,0.046782,0.0531799,0,22,32
27500,0.00530248,0.0113806,0.00203154,-450,5,0.176101,0.172265,0.171092,0,22,51
28000,0.00565747,0.0122177,0.00533519,-458,5,0.139802,0.14553,0.131126,0,23,12
28500,0.00487589,0.0111712,0.00364846,-462,5,0.0470971,0.0592247,0.0488359,0,23,32
29000,0.00299795,0.0148688,0.00229939,-466,5,-0.00149485,-0.00583009,-0.0068931,0,23,52
29500,0.00602301,0.0116864,0.00136575,-470,5,0.0855543,0.0856608,0.094672,0,24,14
30000,0.00517028,0.0121571,0.00501596,-475,5,0.0825467,0.0670912,0.0593944,0,24,36
30500,0.00569783,0.0117451,0.0019271,-482,5,0.0281718,0.0594982,0.0311195,0,24,58
31000,0.00515133,0.0113359,0.00381526,-486,5,0.267185,0.312636,0.269985,0,25,18
31500,0.00489919,0.007964,0.000977932,-490,5,0.164461,0.174576,0.164793,0,25,39
32000,0.00327219,0.0102175,0.00223033,-494,5,0.02613,0.0500126,0.0246429,0,26,1
32500,0.00540514,0.0114687,0.0032427,-500,5,-0.0695746,-0.14416,-0.0750493,0,26,23
33000,0.00627877,0.0125887,0.00306929,-504,6,0.169432,0.192679,0.168253,0,26,45
33500,0.00647786,0.00931741,0.00348749,-509,6,0.176327,0.20973,0.180064,0,27,6
34000,0.00303361,0.0144586,0.00543978,-518,6,0.0702094,0.0771665,0.081792,0,27,26
34500,0.00560831,0.0122317,0.000615489,-526,6,-0.0165827,-0.0299292,-0.0158601,0,27,46
35000,0.00473857,0.00907315,0.00172098,-532,6,0.0752579,0.132338,0.0698122,0,28,7
35500,0.00474983,0.0121254,0.00348798,-538,6,0.162593,0.203753,0.150115,0,28,29
36000,0.00486027,0.0123465,0.00266522,-544,6,0.0272341,0.0273547,0.0134085,0,28,49
36500,0.00585905,0.00925148,-0.000234275,-549,6,0.133606,0.138589,0.12738,0,29,10
37000,0.00362166,0.0142666,0.00678208,-554,6,0.0501244,0.0468937,0.053665,0,29,30
37500,0.00809267,0.0111665,0.00401243,-560,6,0.076934,0.0936353,0.0710385,0,29,52
38000,0.00397669,0.0127736,0.00557032,-563,6,0.0455638,0.0654734,0.0493754,0,30,14
38500,0.00568517,0.0125054,0.00223868,-567,6,-0.640972,-0.957667,-0.671846,0,30,35
39000,0.00145421,0.00936124,0.00414657,-570,7,0.227048,0.235186,0.238414,0,30,55
39500,0.00373209,0.0128937,0.00554623,-575,7,-0.0114392,-0.0159529,-0.0180314,0,31,17
40000,0.00320569,0.0109135,0.00280931,-580,7,0.0185305,0.0372829,0.0235348,0,31,39
40500,0.00683477,0.00970539,0.001517,-586,7,0.20484,0.207165,0.203743,0,32,0
41000,0.00774499,0.0101184,0.00412409,-592,7,0.208028,0.222995,0.210622,0,32,20
41500,0.00522022,0.0131866,0.003197,-598,7,0.00385962,0.0206424,-0.00424379,0,32,40
42000,0.00309201,0.0122595,0.00642227,-602,7,0.0425364,0.0389291,0.0504083,0,33,1
42500,0.00787806,0.0116321,0.00601206,-607,7,-0.0909006,-0.091832,-0.0784628,0,33,21
43000,0.00385542,0.0117133,0.000948493,-612,7,0.122216,0.166654,0.122433,0,33,41
43500,0.00370134,0.0115773,0.00325317,-618,7,0.157815,0.164561,0.138276,0,34,2
44000,0.00452244,0.00941152,0.00272387,-629,7,-0.00931309,0.00587531,-0.00460319,0,34,22
44500,0.00631653,0.00941055,0.00454032,-640,7,0.0811826,0.087812,0.0951097,0,34,43
45000,0.00782134,0.0106189,-3.53921e-05,-651,7,0.0656399,0.0745189,0.0684588,0,35,5
45500,0.00437017,0.0133719,0.00395224,-662,7,0.025386,0.0362314,0.017996,0,35,26
46000,0.00433261,0.0106983,0.00344546,-670,7,0.0385355,0.0629616,0.0501073,0,35,46
46500,0.00410423,0.0122728,0.00434234,-674,7,0.0222442,0.0246905,0.0204737,0,36,5
47000,0.0028205,0.0122896,0.00234696,-683,7,-0.0301922,-0.0239792,-0.0237902,0,36,27
47500,0.0046296,0.012187,0.00390749,-694,7,0.0559225,0.0593479,0.0680416,0,36,48
48000,0.00315812,0.0133053,0.00462665,-701,7,-0.0583025,-0.0613088,-0.0562094,0,37,11
48500,0.00442677,0.0112579,0.00495708,-710,7,0.103089,0.111412,0.104377,0,37,31
49000,0.00299895,0.0138802,0.0045659,-719,7,-0.0688421,-0.060846,-0.0644855,0,37,52
49500,0.00413295,0.0120748,0.00461908,-730,7,0.109114,0.136679,0.117716,0,38,12
50000,0.00319429,0.0134857,0.00349437,-741,7,-0.000369782,0.00746697,0.0128824,0,38,35
50500,0.00430572,0.00993642,0.0025176,-752,7,0.0380248,0.0410282,0.0496007,0,38,56
51000,0.00425663,0.0118776,0.000939241,-763,7,0.0463651,0.0471036,0.0491292,0,39,16
51500,0.00374926,0.00804051,0.0042403,-770,7,0.140489,0.161656,0.144872,0,39,36
52000,0.00433519,0.0120683,0.00363756,-781,7,0.0277723,0.0331066,0.0327619,0,39,57
52500,0.00603433,0.0126567,0.00366259,-792,7,0.06955,0.0857548,0.068748,0,40,18
53000,0.00479518,0.0116149,0.00292357,-802,7,-0.305073,-0.333645,-0.298,0,40,40
53500,0.00463574,0.0137207,0.00400551,-813,7,-0.170611,-0.176462,-0.167578,0,41,1
54000,0.00266991,0.0119539,0.00269961,-824,7,-0.0640075,-0.0690737,-0.0571425,0,41,22
54500,0.00382976,0.014837,0.00410916,-835,7,-0.0537322,-0.0556942,-0.0525429,0,41,42
55000,0.00647879,0.00899226,0.00120643,-846,7,0.0605506,0.0665529,0.0670671,0,42,5
55500,0.00587539,0.0124627,0.00448999,-857,7,0.00190219,0.00899706,0.00868029,0,42,25
56000,0.00500364,0.0110866,-0.00156385,-868,7,0.0810478,0.0676073,0.0707522,0,42,45
56500,0.00418653,0.0120423,0.00276997,-879,7,0.0636366,0.128464,0.0623391,0,43,7
57000,0.00640362,0.0123865,0.00320392,-889,7,-0.359409,-0.364204,-0.353263,0,43,28
57500,0.00408956,0.011939,0.00369443,-900,7,-0.0730696,-0.0851381,-0.0659068,0,43,47
58000,0.00526646,0.0109641,0.00254553,-911,7,-0.0587574,-0.0625442,-0.057539,0,44,8
58500,0.00404329,0.0133461,0.00408802,-922,7,0.0156219,0.00553875,0.017646,0,44,28
59000,0.00587317,0.0135595,0.002969,-933,7,-0.0251378,-0.0154717,-0.0115971,0,44,50
59500,0.00259676,0.0115993,0.00412645,-944,7,0.0503989,0.043862,0.0557728,0,45,11
60000,0.00500187,0.0142667,0.00433353,-955,7,0.0371641,0.0350879,0.0379365,0,45,35
60500,0.00602838,0.0129277,0.00235801,-965,7,-0.718985,-0.777779,-0.713881,0,45,55
61000,0.00474264,0.0108566,0.00397039,-976,7,-0.198139,-0.207897,-0.192761,0,46,16
61500,0.00511905,0.0119312,0.00369605,-987,7,-0.134456,-0.14428,-0.137689,0,46,38
62000,0.00437259,0.0116827,0.00490528,-998,7,-0.021809,-0.0358935,-0.0172638,0,46,58
62500,0.00706153,0.0100824,0.00187298,-1009,7,-0.0180042,-0.0151086,-0.0194613,0,47,19
63000,0.00414935,0.0104567,0.00423286,-1020,7,0.0415567,0.0510433,0.0511799,0,47,41
63500,0.00679956,0.00962254,0.00073521,-1031,7,-0.000741863,-0.0329764,0.00265932,0,48,1
64000,0.00532954,0.0132265,0.00639918,-1042,7,0.0188981,0.0219895,0.0149252,0,48,22
64500,0.00604227,0.0108678,0.000825117,-1052,7,-0.398723,-0.433416,-0.393215,0,48,42
65000,0.00366596,0.0113411,0.00218122,-1063,7,-0.291849,-0.306537,-0.295169,0,49,3
65500,0.00324655,0.0118348,0.00358334,-1074,7,-0.0833887,-0.0720042,-0.0749932,0,49,25
66000,0.00561028,0.0137834,0.00110907,-1085,7,-0.0452338,-0.0396531,-0.0256319,0,49,45
66500,0.00408825,0.00982325,0.00332457,-1096,7,0.0315202,0.0414985,0.0356309,0,50,6
67000,0.0077974,0.00995436,0.00359498,-1107,7,-0.00691459,-0.0027294,-0.00482575,0,50,26
67500,0.00312084,0.0114132,0.00134996,-1118,7,0.0603926,0.0579643,0.0549918,0,50,46
68000,0.00586657,0.010875,0.000868715,-1129,7,0.0257356,0.0734384,0.0218278,0,51,7
68500,0.00412205,0.0146122,0.00477442,-1139,7,-0.506559,-0.49457,-0.504374,0,51,27
69000,0.00391743,0.0109428,0.00435312,-1150,7,-0.0746366,-0.0786009,-0.0718505,0,51,49
69500,0.00315812,0.0133053,0.00462665,-1161,7,-0.111369,-0.111267,-0.112388,0,52,10
70000,0.00568145,0.0125741,0.00112681,-1172,7,0.034989,0.0272099,0.0355887,0,52,32
70500,0.00513949,0.0114289,0.00252765,-1183,7,-0.0218991,-0.0316538,-0.024594,0,52,52
71000,0.00240356,0.0115601,0.00524683,-1194,7,0.0617076,0.0497852,0.0628798,0,53,13
71500,0.00638198,0.0127901,0.00168401,-1205,7,0.0156496,0.0212824,0.0177861,0,53,33
72000,0.00429146,0.0145041,0.00537181,-1215,7,-0.776476,-0.80117,-0.784332,0,53,53
72500,0.00602445,0.00994374,0.00170007,-1226,7,-0.24541,-0.25673,-0.242884,0,54,14
73000,0.00393112,0.0141743,0.00370053,-1237,7,-0.192609,-0.190134,-0.196989,0,54,34
73500,0.00603164,0.010231,0.00195015,-1248,7,-0.0306831,-0.0448262,-0.0326432,0,54,55
74000,0.00397949,0.0131478,0.00438938,-1259,7,-0.0492629,-0.0486911,-0.0483353,0,55,15
74500,0.00395603,0.00841751,0.00439913,-1270,7,0.0249601,0.029075,0.0222948,0,55,38
75000,0.00413728,0.0128893,0.00324421,-1281,7,-0.0165475,-0.0273525,-0.0158726,0,56,0
75500,0.00603433,0.0126567,0.00366259,-1292,7,0.0584831,0.0623741,0.0582157,0,56,20
76000,0.00479518,0.0116149,0.00292357,-1302,7,-0.476941,-0.505885,-0.477166,0,56,43
76500,0.00463574,0.0137207,0.00400551,-1313,7,-0.322721,-0.326664,-0.319578,0,57,4
77000,0.00308884,0.0120321,0.00288747,-1324,7,-0.0958926,-0.0913268,-0.0897079,0,57,25
77500,0.0035254,0.01501,0.00459034,-1335,7,-0.0875963,-0.0927416,-0.0867529,0,57,46
78000,0.00671695,0.00928956,0.00104134,-1346,7,0.0584586,0.0663886,0.0658592,0,58,6
78500,0.00637997,0.0130969,0.00453885,-1357,7,-0.000169896,0.00447429,0.00463585,0,58,28
79000,0.00500364,0.0110866,-0.00156385,-1368,7,0.0583871,0.0511056,0.0556451,0,58,49
79500,0.00414712,0.0120435,0.00309596,-1379,7,0.0116888,0.0497772,0.00877594,0,59,9
80000,0.00640362,0.0123865,0.00320392,-1389,7,-0.554253,-0.53374,-0.545028,0,59,30
80500,0.00408956,0.011939,0.00369443,-1400,7,-0.150127,-0.149241,-0.143883,0,59,51
81000,0.00526646,0.0109641,0.00254553,-1411,7,-0.126654,-0.134325,-0.132788,1,0,13
81500,0.00427736,0.0137144,0.00409311,-1422,7,0.00948364,0.000597646,0.00997041,1,0,34
82000,0.00559556,0.0136824,0.00382292,-1433,7,-0.0285988,-0.0312645,-0.0289658,1,0,54
82500,0.00324188,0.012428,0.00482869,-1444,7,0.0348045,0.0343581,0.044232,1,1,15
83000,0.00475945,0.0136023,0.00451364,-1455,7,-0.000832682,0.00391718,-0.00172517,1,1,35
83500,0.00611261,0.0130842,0.002461,-1465,7,-0.819236,-0.823994,-0.813238,1,1,56
84000,0.00474264,0.0108566,0.00397039,-1476,7,-0.302003,-0.310267,-0.290781,1,2,16
84500,0.00511905,0.0119312,0.00369605,-1487,7,-0.223097,-0.223479,-0.224639,1,2,36
85000,0.00437259,0.0116827,0.00490528,-1498,7,-0.0512396,-0.0625636,-0.0478985,1,2,57
85500,0.00609647,0.0105361,0.00295791,-1509,7,-0.0477637,-0.0414471,-0.0438501,1,3,18
86000,0.00398491,0.00955759,0.00390836,-1520,7,0.0310224,0.0392681,0.0332278,1,3,40
86500,0.00690908,0.00981047,-6.75805e-05,-1531,7,0.0190746,0.0182443,0.0211955,1,4,0
87000,0.00532954,0.0132265,0.00639918,-1542,7,0.0405733,0.0419885,0.0437755,1,4,21
87500,0.00589401,0.0106704,0.000599548,-1552,7,-0.55871,-0.590445,-0.552207,1,4,41
88000,0.00366596,0.0113411,0.00218122,-1563,7,-0.31291,-0.3226,-0.312521,1,5,2
88500,0.00324655,0.0118348,0.00358334,-1574,7,-0.111223,-0.102183,-0.105056,1,5,24
89000,0.00534551,0.0137276,0.00146584,-1585,7,-0.0783885,-0.0740837,-0.0720325,1,5,45
89500,0.0044814,0.0100173,0.00486172,-1596,7,0.0269945,0.0296781,0.0311945,1,6,5
90000,0.0077974,0.00995436,0.00359498,-1607,7,-0.0245415,-0.0195095,-0.0209965,1,6,26
90500,0.00330193,0.0123413,0.00109047,-1618,7,0.032989,0.0274937,0.0324295,1,6,47
91000,0.00586657,0.010875,0.000868715,-1629,7,0.014628,0.044504,0.0108136,1,7,9
91500,0.00412205,0.0146122,0.00477442,-1639,7,-0.555332,-0.540349,-0.55353,1,7,30
92000,0.00391743,0.0109428,0.00435312,-1650,7,-0.178077,-0.184203,-0.18679,1,7,50
92500,0.00315812,0.0133053,0.00462665,-1661,7,-0.125665,-0.131838,-0.130975,1,8,11
93000,0.00568145,0.0125741,0.00112681,-1672,7,0.00377283,-0.00788347,-0.00114117,1,8,32
93500,0.00513949,0.0114289,0.00252765,-1683,7,-0.0320372,-0.0357847,-0.0339252,1,8,55
94000,0.00339857,0.0124526,0.00574931,-1694,7,0.0283666,0.0336484,0.0356409,1,9,17
94500,0.00658204,0.0134401,0.00243938,-1705,7,0.0108156,0.0159793,0.0149965,1,9,38
95000,0.00429146,0.0145041,0.00537181,-1715,7,-0.831186,-0.83854,-0.837613,1,9,58
95500,0.00551267,0.00977372,0.00172916,-1726,7,-0.295418,-0.307553,-0.28922,1,10,19
96000,0.00424803,0.0141183,0.00378737,-1737,7,-0.222565,-0.221753,-0.227143,1,10,40
96500,0.00617396,0.0100719,0.00248052,-1748,7,-0.0713339,-0.0813596,-0.0762613,1,11,1
97000,0.00408989,0.0129093,0.0040591,-1759,7,-0.0498073,-0.0470121,-0.0502065,1,11,22
97500,0.00395603,0.00841751,0.00439913,-1770,7,0.0227837,0.0253147,0.0166845,1,11,42
98000,0.00485556,0.0124624,0.00198519,-1781,7,-0.00639138,0.000760338,-0.00947088,1,12,3
98500,0.00603433,0.0126567,0.00366259,-1792,7,0.0376304,0.0494912,0.0457899,1,12,24
99000,0.00479518,0.0116149,0.00292357,-1802,7,-0.592607,-0.602568,-0.586964,1,12,45
99500,0.00463574,0.0137207,0.00400551,-1813,7,-0.356079,-0.359957,-0.355399,1,13,6
100000,0.00308884,0.0120321,0.00288747,-1824,7,-0.117193,-0.108787,-0.106057,1,13,29
100500,0.0035254,0.01501,0.00459034,-1835,7,-0.0969547,-0.0935485,-0.097691,1,13,50
101000,0.00611746,0.00898965,-0.000293898,-1846,7,0.0265463,0.0477823,0.0302945,1,14,10
101500,0.00637997,0.0130969,0.00453885,-1857,7,0.0159675,0.0204207,0.0218144,1,14,33
102000,0.00506572,0.0104577,-0.00109847,-1868,7,0.0510016,0.0437271,0.0474037,1,14,53
102500,0.00414712,0.0120435,0.00309596,-1879,7,0.0139199,0.0380412,0.0140988,1,15,14
103000,0.00640362,0.0123865,0.00320392,-1889,7,-0.557832,-0.545085,-0.551796,1,15,35
103500,0.00408956,0.011939,0.00369443,-1900,7,-0.201466,-0.203838,-0.192471,1,15,57
104000,0.00526646,0.0109641,0.00254553,-1911,7,-0.107349,-0.105882,-0.0976137,1,16,17
104500,0.00427736,0.0137144,0.00409311,-1922,7,0.0070497,0.00197011,0.0080512,1,16,38
105000,0.00559556,0.0136824,0.00382292,-1933,7,-0.0182679,-0.0218054,-0.0186993,1,17,1
105500,0.00324188,0.012428,0.00482869,-1944,7,0.0129201,0.0145509,0.0199722,1,17,22
106000,0.00475945,0.0136023,0.00451364,-1955,7,0.0316433,0.0300387,0.0262892,1,17,43
106500,0.00611261,0.0130842,0.002461,-1965,7,-0.829613,-0.829654,-0.823502,1,18,3
107000,0.00474264,0.0108566,0.00397039,-1976,7,-0.360161,-0.365052,-0.338627,1,18,24
107500,0.00511905,0.0119312,0.00369605,-1987,7,-0.229509,-0.231048,-0.235685,1,18,44
108000,0.00437259,0.0116827,0.00490528,-1998,7,-0.0578399,-0.061908,-0.0508664,1,19,5
108500,0.00609647,0.0105361,0.00295791,-2009,7,-0.0449457,-0.042756,-0.0436182,1,19,27
109000,0.00404876,0.0096854,0.00380323,-2020,7,0.0541261,0.0591467,0.056784,1,19,47
109500,0.00690908,0.00981047,-6.75805e-05,-2031,7,0.00681582,0.0088607,0.00506532,1,20,8
110000,0.00532954,0.0132265,0.00639918,-2042,7,0.0206154,0.0229069,0.0174233,1,20,30
110500,0.00604227,0.0108678,0.000825117,-2052,7,-0.639192,-0.641179,-0.625437,1,20,50
111000,0.00366596,0.0113411,0.00218122,-2063,7,-0.352364,-0.356331,-0.353274,1,21,11
111500,0.00324655,0.0118348,0.00358334,-2074,7,-0.154487,-0.144099,-0.145914,1,21,31
112000,0.00534551,0.0137276,0.00146584,-2085,7,-0.0876066,-0.0893209,-0.0870668,1,21,54
112500,0.0044814,0.0100173,0.00486172,-2096,7,-0.00290129,0.00235026,0.00573083,1,22,17
113000,0.0077974,0.00995436,0.00359498,-2107,7,-0.0194813,-0.0143066,-0.0124402,1,22,38
113500,0.00330193,0.0123413,0.00109047,-2118,7,0.0236925,0.0192439,0.0222077,1,23,0
114000,0.00586657,0.010875,0.000868715,-2129,7,0.0198291,0.0417707,0.0222559,1,23,21
114500,0.00412205,0.0146122,0.00477442,-2139,7,-0.576588,-0.562239,-0.571487,1,23,42
115000,0.00390091,0.0107868,0.00450388,-2150,7,-0.217214,-0.222259,-0.214659,1,24,2
115500,0.00315812,0.0133053,0.00462665,-2161,7,-0.14041,-0.141212,-0.144782,1,24,24
116000,0.00568145,0.0125741,0.00112681,-2172,7,-0.0082697,-0.0130874,-0.0126801,1,24,44
116500,0.00559042,0.0111337,0.00167446,-2183,7,-0.0365627,-0.0333161,-0.0364501,1,25,5
117000,0.00339857,0.0124526,0.00574931,-2194,7,0.00481388,0.0109774,0.00936257,1,25,27
117500,0.00630231,0.0130916,0.00101845,-2205,7,-0.00306996,-0.000269184,-0.00532989,1,25,48
118000,0.00428777,0.0145807,0.00524614,-2215,7,-0.849389,-0.852962,-0.860052,1,26,8
118500,0.00602445,0.00994374,0.00170007,-2226,7,-0.406384,-0.417956,-0.398132,1,26,29
119000,0.00375907,0.0140817,0.0036348,-2237,7,-0.233952,-0.233416,-0.242922,1,26,49
119500,0.00617396,0.0100719,0.00248052,-2248,7,-0.0647621,-0.0736317,-0.0654441,1,27,10
120000,0.00397949,0.0131478,0.00438938,-2259,7,-0.0550546,-0.0553341,-0.0622487,1,27,31
120500,0.00379319,0.00842126,0.00426477,-2270,7,0.00369648,0.00643536,-0.00071536,1,27,52
121000,0.00424048,0.0121939,0.00427486,-2281,7,0.0144233,0.00660318,0.00946445,1,28,14
121500,0.00603433,0.0126567,0.00366259,-2292,7,0.039133,0.0373897,0.0323806,1,28,36
122000,0.00479518,0.0116149,0.00292357,-2302,7,-0.640253,-0.64506,-0.63747,1,28,57
122500,0.00463574,0.0137207,0.00400551,-2313,7,-0.348696,-0.352115,-0.35198,1,29,19
123000,0.00308884,0.0120321,0.00288747,-2324,7,-0.138175,-0.130479,-0.132224,1,29,39
123500,0.0035254,0.01501,0.00459034,-2335,7,-0.0962022,-0.0945244,-0.0967519,1,30,0
124000,0.00634593,0.0087411,0.000396043,-2346,7,-0.0175914,-0.0136694,-0.0106549,1,30,20
124500,0.00591967,0.012675,0.00390151,-2357,7,-0.00541299,-0.010693,-0.0106762,1,30,40
125000,0.00500364,0.0110866,-0.00156385,-2368,7,0.0354684,0.0313526,0.0290815,1,31,1
125500,0.00399431,0.0120859,0.00327869,-2379,7,0.00271132,0.0169602,0.00262463,1,31,21
126000,0.00678617,0.0124098,0.00320565,-2389,7,-0.564745,-0.557857,-0.564946,1,31,43
126500,0.00408956,0.011939,0.00369443,-2400,7,-0.223733,-0.228702,-0.217279,1,32,5
127000,0.00580693,0.0106888,0.0021979,-2411,7,-0.142784,-0.145337,-0.147117,1,32,25
127500,0.00427736,0.0137144,0.00409311,-2422,7,-0.0172968,-0.0201149,-0.0154439,1,32,46
128000,0.00559556,0.0136824,0.00382292,-2433,7,-0.0366489,-0.0412076,-0.0411103,1,33,6
128500,0.00226098,0.0116501,0.00475466,-2444,7,0.0226729,0.0151534,0.021412,1,33,27
129000,0.00475945,0.0136023,0.00451364,-2455,7,0.0204686,0.0181287,0.0113113,1,33,47
129500,0.00611261,0.0130842,0.002461,-2465,7,-0.857436,-0.858421,-0.85574,1,34,8
130000,0.00474264,0.0108566,0.00397039,-2476,7,-0.415653,-0.422825,-0.403292,1,34,30
130500,0.00511905,0.0119312,0.00369605,-2487,7,-0.231518,-0.232883,-0.233525,1,34,51
131000,0.00437259,0.0116827,0.00490528,-2498,7,-0.0815446,-0.0861321,-0.0783414,1,35,12
131500,0.00609647,0.0105361,0.00295791,-2509,7,0.0673915,0.0621408,0.0767333,1,35,35
132000,0.00395489,0.00965862,0.00341305,-2520,7,0.0135013,0.011006,0.0130356,1,35,54
132500,0.00690908,0.00981047,-6.75805e-05,-2531,7,0.0116066,0.0134858,0.00700985,1,36,16
133000,0.00532954,0.0132265,0.00639918,-2542,7,0.0245942,0.0268391,0.0184357,1,36,38
133500,0.00604227,0.0108678,0.000825117,-2552,7,-0.678325,-0.683804,-0.679536,1,36,59
134000,0.00366596,0.0113411,0.00218122,-2563,7,-0.361367,-0.364745,-0.361611,1,37,20
134500,0.00324655,0.0118348,0.00358334,-2574,7,-0.162718,-0.154383,-0.15608,1,37,40
135000,0.00534551,0.0137276,0.00146584,-2585,7,-0.0879727,-0.0873008,-0.0828235,1,38,3
135500,0.00380396,0.010024,0.00461952,-2596,7,-0.0146013,-0.00889019,-0.00596513,1,38,23
136000,0.00843919,0.0107103,0.0038782,-2607,7,-0.0220801,-0.0265841,-0.0221856,1,38,44
136500,0.00312084,0.0114132,0.00134996,-2618,7,0.0107782,0.00766951,0.0124952,1,39,6
137000,0.00617787,0.0108167,0.00064519,-2629,7,0.0278725,0.0441182,0.0268295,1,39,26
137500,0.00412205,0.0146122,0.00477442,-2639,7,-0.563297,-0.556592,-0.560182,1,39,47
138000,0.00391743,0.0109428,0.00435312,-2650,7,-0.22592,-0.231741,-0.219871,1,40,9
138500,0.00315812,0.0133053,0.00462665,-2661,7,-0.14312,-0.148501,-0.147914,1,40,30
139000,0.00577221,0.0126366,0.000907302,-2672,7,-0.0557336,-0.0561995,-0.0561106,1,40,50
139500,0.00527967,0.0114855,0.00294523,-2683,7,-0.0314938,-0.0310223,-0.0328123,1,41,11
140000,0.00449677,0.0128062,0.00515165,-2694,7,-0.0017594,-0.00271269,-6.70208e-05,1,41,31
140500,0.00638198,0.0127901,0.00168401,-2705,7,0.0145617,0.0140947,0.0126985,1,41,52
141000,0.00429146,0.0145041,0.00537181,-2715,7,-0.853263,-0.855445,-0.857666,1,42,13
141500,0.00602445,0.00994374,0.00170007,-2726,7,-0.442053,-0.445677,-0.435293,1,42,33
142000,0.00375907,0.0140817,0.0036348,-2737,7,-0.240944,-0.241977,-0.245603,1,42,54
142500,0.00617396,0.0100719,0.00248052,-2748,7,-0.0970928,-0.102929,-0.101812,1,43,14
143000,0.00397949,0.0131478,0.00438938,-2759,7,-0.0532341,-0.0539717,-0.0587792,1,43,37
143500,0.00379319,0.00842126,0.00426477,-2770,7,-0.00424716,-0.00886155,-0.0131004,1,43,57
144000,0.00472191,0.0124563,0.00408892,-2781,7,0.00804744,-0.0031976,0.00150552,1,44,17
144500,0.00603433,0.0126567,0.00366259,-2792,7,0.01906,0.0176655,0.0200745,1,44,38
145000,0.00479518,0.0116149,0.00292357,-2802,7,-0.693501,-0.695094,-0.69021,1,44,58
145500,0.00463574,0.0137207,0.00400551,-2813,7,-0.351885,-0.356549,-0.353786,1,45,19
146000,0.00308884,0.0120321,0.00288747,-2824,7,-0.181758,-0.173097,-0.177104,1,45,41
146500,0.0035254,0.01501,0.00459034,-2835,7,-0.0890388,-0.088095,-0.0880065,1,46,2
147000,0.00630589,0.00899932,0.00145644,-2846,7,-0.0251943,-0.0300859,-0.0270455,1,46,22
147500,0.00591967,0.012675,0.00390151,-2857,7,-0.0064784,-0.0113125,-0.00846278,1,46,43
148000,0.00562142,0.0108618,-0.00172749,-2868,7,0.00780086,0.0144716,0.00594723,1,47,6
148500,0.00414712,0.0120435,0.00309596,-2879,7,0.0221231,0.0248545,0.0202373,1,47,26
149000,0.00640362,0.0123865,0.00320392,-2889,7,-0.560865,-0.560681,-0.560461,1,47,48
149500,0.00408956,0.011939,0.00369443,-2900,7,-0.267249,-0.27216,-0.267647,1,48,11
150000,0.00526646,0.0109641,0.00254553,-2911,7,-0.150087,-0.155759,-0.154621,1,48,33
150500,0.00427736,0.0137144,0.00409311,-2922,7,-0.0434167,-0.0442392,-0.0422484,1,48,55
151000,0.00594995,0.0136969,0.00423194,-2933,7,-0.022049,-0.0235158,-0.0243776,1,49,16
151500,0.00428041,0.0126692,0.00409584,-2944,7,-0.00668275,-0.0061642,-0.00943547,1,49,37
152000,0.00426683,0.0137593,0.00225457,-2955,7,0.0204921,0.0129638,0.0173584,1,49,58
152500,0.00611261,0.0130842,0.002461,-2965,7,-0.879345,-0.880004,-0.877172,1,50,21
153000,0.00474264,0.0108566,0.00397039,-2976,7,-0.450157,-0.451634,-0.445289,1,50,41
153500,0.00511905,0.0119312,0.00369605,-2987,7,-0.239047,-0.24001,-0.237632,1,51,2
154000,0.00437259,0.0116827,0.00490528,-2998,7,-0.121149,-0.121262,-0.123129,1,51,23
154500,0.00609647,0.0105361,0.00295791,-3009,7,-0.0445332,-0.0489312,-0.0481745,1,51,43
155000,0.0034888,0.00975516,0.00392961,-3020,7,-0.0108548,-0.0106671,-0.00952723,1,52,4
155500,0.00669883,0.00968506,0.00219402,-3031,7,0.00401785,-0.00784435,0.000314961,1,52,24
156000,0.004288,0.0130796,0.00574546,-3042,7,0.00857825,0.015092,0.00573142,1,52,47
156500,0.00604227,0.0108678,0.000825117,-3052,7,-0.721143,-0.721708,-0.722481,1,53,8
157000,0.00366596,0.0113411,0.00218122,-3063,7,-0.370943,-0.373716,-0.371245,1,53,28
157500,0.00324655,0.0118348,0.00358334,-3074,7,-0.194854,-0.191802,-0.194543,1,53,49
158000,0.00534551,0.0137276,0.00146584,-3085,7,-0.0906377,-0.0908557,-0.0880814,1,54,9
158500,0.00380396,0.010024,0.00461952,-3096,7,-0.0357251,-0.0380036,-0.0343675,1,54,30
159000,0.00779949,0.00993403,0.00284746,-3107,7,-0.0144375,-0.0177949,-0.0164126,1,54,50
159500,0.00354636,0.0124029,0.00113947,-3118,7,0.00726816,0.00587079,0.00572159,1,55,10
160000,0.00586657,0.010875,0.000868715,-3129,7,0.00473007,0.00628515,0.00401744,1,55,33
160500,0.00412205,0.0146122,0.00477442,-3139,7,-0.570292,-0.570489,-0.57084,1,55,54
161000,0.00391743,0.0109428,0.00435312,-3150,7,-0.299501,-0.304527,-0.303262,1,56,16
161500,0.00315812,0.0133053,0.00462665,-3161,7,-0.147247,-0.150716,-0.149135,1,56,36
162000,0.00568145,0.0125741,0.00112681,-3172,7,-0.0576175,-0.0610498,-0.061417,1,56,57
162500,0.00527967,0.0114855,0.00294523,-3183,7,-0.0431729,-0.0428296,-0.0438921,1,57,17
163000,0.00449677,0.0128062,0.00515165,-3194,7,0.00575883,0.0055184,0.0032358,1,57,38
163500,0.00638198,0.0127901,0.00168401,-3205,7,0.000977258,0.000905017,-0.000676565,1,58,0
164000,0.00429146,0.0145041,0.00537181,-3215,7,-0.886956,-0.888565,-0.888841,1,58,20
164500,0.00602445,0.00994374,0.00170007,-3226,7,-0.462254,-0.462789,-0.46251,1,58,41
165000,0.00438038,0.0137239,0.00329786,-3237,7,-0.247886,-0.245755,-0.248762,1,59,1
165500,0.00617396,0.0100719,0.00248052,-3248,7,-0.119435,-0.123081,-0.124148,1,59,22
166000,0.00397949,0.0131478,0.00438938,-3259,7,-0.0610989,-0.0615175,-0.0620151,1,59,44
166500,0.00350559,0.00856649,0.00433335,-3270,7,-0.0258523,-0.0265908,-0.0251559,2,0,7
167000,0.00472191,0.0124563,0.00408892,-3281,7,0.00550329,-0.0015173,0.00281886,2,0,27
167500,0.005595,0.0122879,0.00277039,-3292,7,0.010391,0.0146251,0.00604003,2,0,48
168000,0.00479518,0.0116149,0.00292357,-3302,7,-0.711722,-0.711084,-0.707324,2,1,10
168500,0.00463574,0.0137207,0.00400551,-3313,7,-0.37127,-0.373242,-0.371605,2,1,33
169000,0.00308884,0.0120321,0.00288747,-3324,7,-0.188084,-0.18593,-0.187129,2,1,53
169500,0.0035254,0.01501,0.00459034,-3335,7,-0.0965913,-0.096335,-0.095326,2,2,16
170000,0.00705669,0.00900478,0.00173719,-3346,7,-0.0477084,-0.0472557,-0.0486484,2,2,39
170500,0.00591967,0.012675,0.00390151,-3357,7,-0.0187767,-0.021713,-0.0175198,2,2,58
171000,0.0057801,0.0106936,-0.00115349,-3368,7,-0.00149283,-0.00185595,-0.0033816,2,3,21
171500,0.00414712,0.0120435,0.00309596,-3379,7,0.00825674,0.0085773,0.00768932,2,3,41
172000,0.00640362,0.0123865,0.00320392,-3389,7,-0.572404,-0.573966,-0.576291,2,4,2
172500,0.00408956,0.011939,0.00369443,-3400,7,-0.297295,-0.297921,-0.296795,2,4,22
173000,0.00495908,0.0108888,0.00244852,-3411,7,-0.155158,-0.159698,-0.156731,2,4,44
173500,0.00427736,0.0137144,0.00409311,-3422,7,-0.0637744,-0.065745,-0.0635471,2,5,5
174000,0.00594995,0.0136969,0.00423194,-3433,7,-0.0303704,-0.0290602,-0.027615,2,5,26
174500,0.00361148,0.0120928,0.00503411,-3444,7,-0.019661,-0.0199471,-0.0206379,2,5,48
175000,0.00426683,0.0137593,0.00225457,-3455,7,-0.00390033,-0.00746837,-0.00524446,2,6,11
175500,0.00611261,0.0130842,0.002461,-3465,7,-0.897525,-0.892686,-0.891221,2,6,31
176000,0.00474264,0.0108566,0.00397039,-3476,7,-0.45203,-0.454247,-0.450555,2,6,53
176500,0.00511905,0.0119312,0.00369605,-3487,7,-0.240853,-0.240343,-0.238442,2,7,14
177000,0.00437259,0.0116827,0.00490528,-3498,7,-0.130252,-0.128846,-0.12973,2,7,34
177500,0.00660207,0.0103604,0.00271769,-3509,7,-0.0534651,-0.0544781,-0.0580935,2,7,55
178000,0.0034888,0.00975516,0.00392961,-3520,7,-0.0203205,-0.0208916,-0.0191787,2,8,17
178500,0.00669883,0.00968506,0.00219402,-3531,7,0.00360881,-0.00223681,0.00153868,2,8,38
179000,0.004288,0.0130796,0.00574546,-3542,7,0.00662532,0.010453,0.00703233,2,8,58
179500,0.00604227,0.0108678,0.000825117,-3552,7,-0.722558,-0.72355,-0.718814,2,9,20
180000,0.00366596,0.0113411,0.00218122,-3563,7,-0.381081,-0.382885,-0.381085,2,9,42
180500,0.00324655,0.0118348,0.00358334,-3574,7,-0.196037,-0.195909,-0.197926,2,10,3
181000,0.00534551,0.0137276,0.00146584,-3585,7,-0.103678,-0.101032,-0.0992526,2,10,23
181500,0.0044814,0.0100173,0.00486172,-3596,7,-0.0499552,-0.0486949,-0.0486843,2,10,46
182000,0.00779949,0.00993403,0.00284746,-3607,7,-0.0168597,-0.0199491,-0.0171944,2,11,9
182500,0.00285582,0.0119437,0.00140445,-3618,7,-0.00105612,-0.000687565,0.000321035,2,11,29
183000,0.00586657,0.010875,0.000868715,-3629,7,0.0138076,0.0126112,0.0109469,2,11,50
183500,0.00412205,0.0146122,0.00477442,-3639,7,-0.574883,-0.576354,-0.577328,2,12,12
184000,0.00391743,0.0109428,0.00435312,-3650,7,-0.307117,-0.306894,-0.307822,2,12,33
184500,0.00315812,0.0133053,0.00462665,-3661,7,-0.165577,-0.168586,-0.172179,2,12,55
185000,0.00568145,0.0125741,0.00112681,-3672,7,-0.0823869,-0.0839802,-0.0852254,2,13,17
185500,0.00527967,0.0114855,0.00294523,-3683,7,-0.0370174,-0.0384403,-0.0398631,2,13,38
186000,0.00227159,0.0121236,0.00522027,-3694,7,-0.0132215,-0.014559,-0.0145482,2,14,0
186500,0.00591614,0.0124578,-0.000908902,-3705,7,-0.00345241,-0.000414619,2.88924e-05,2,14,23
187000,0.00429146,0.0145041,0.00537181,-3715,7,-0.889869,-0.888654,-0.888759,2,14,43
187500,0.00602445,0.00994374,0.00170007,-3726,7,-0.465567,-0.468438,-0.466321,2,15,4
188000,0.00375907,0.0140817,0.0036348,-3737,7,-0.245302,-0.245086,-0.244302,2,15,24
188500,0.00617396,0.0100719,0.00248052,-3748,7,-0.124762,-0.126141,-0.127136,2,15,45
189000,0.00397949,0.0131478,0.00438938,-3759,7,-0.0526135,-0.0547178,-0.0561092,2,16,7
189500,0.00350559,0.00856649,0.00433335,-3770,7,-0.024672,-0.026024,-0.0255744,2,16,29
190000,0.00472191,0.0124563,0.00408892,-3781,7,-0.00813692,-0.010059,-0.00720404,2,16,51
190500,0.005595,0.0122879,0.00277039,-3792,7,0.00651429,0.00891515,0.00352829,2,17,12
191000,0.00479518,0.0116149,0.00292357,-3802,7,-0.711844,-0.712325,-0.709286,2,17,32
191500,0.00463574,0.0137207,0.00400551,-3813,7,-0.377453,-0.377308,-0.377044,2,17,53
192000,0.00308884,0.0120321,0.00288747,-3824,7,-0.196504,-0.195383,-0.19696,2,18,13
192500,0.0035254,0.01501,0.00459034,-3835,7,-0.10198,-0.102408,-0.103213,2,18,33
193000,0.00630589,0.00899932,0.00145644,-3846,7,-0.03623,-0.0378411,-0.0366938,2,18,54
193500,0.00591967,0.012675,0.00390151,-3857,7,-0.0197526,-0.0208512,-0.0190407,2,19,15
194000,0.00562039,0.0103825,-0.00213007,-3868,7,0.000596461,0.00135902,-0.00385814,2,19,38
194500,0.00414712,0.0120435,0.00309596,-3879,7,-0.00370264,-0.00345715,-0.00435758,2,19,58
195000,0.00640362,0.0123865,0.00320392,-3889,7,-0.574768,-0.574884,-0.572184,2,20,18
195500,0.00408956,0.011939,0.00369443,-3900,7,-0.305701,-0.307019,-0.306873,2,20,38
196000,0.00526646,0.0109641,0.00254553,-3911,7,-0.156734,-0.159363,-0.16028,2,20,59
196500,0.00427736,0.0137144,0.00409311,-3922,7,-0.0812111,-0.0819692,-0.0816168,2,21,19
197000,0.00594995,0.0136969,0.00423194,-3933,7,-0.034786,-0.0361142,-0.0353342,2,21,40
197500,0.00428041,0.0126692,0.00409584,-3944,7,-0.0150237,-0.0158588,-0.0176509,2,22,2
198000,0.00426683,0.0137593,0.00225457,-3955,7,-0.00517368,-0.00674153,-0.00447811,2,22,23
198500,0.00611261,0.0130842,0.002461,-3965,7,-0.904806,-0.900823,-0.899243,2,22,43
199000,0.00474264,0.0108566,0.00397039,-3976,7,-0.465128,-0.46571,-0.465721,2,23,4
199500,0.00511905,0.0119312,0.00369605,-3987,7,-0.244049,-0.244467,-0.243698,2,23,26
200000,0.00437259,0.0116827,0.00490528,-3998,7,-0.129643,-0.128611,-0.127919,2,23,48
200500,0.00609647,0.0105361,0.00295791,-4009,7,-0.0596329,-0.0599822,-0.0595145,2,24,8
201000,0.0034888,0.00975516,0.00392961,-4020,7,-0.0237516,-0.0241375,-0.0223835,2,24,29
201500,0.00669883,0.00968506,0.00219402,-4031,7,-0.00068966,-0.00457618,-0.00315038,2,24,49
202000,0.004288,0.0130796,0.00574546,-4042,7,-0.00478947,-0.00174213,-0.00545972,2,25,11
202500,0.00604227,0.0108678,0.000825117,-4052,7,-0.723853,-0.727025,-0.723352,2,25,32
203000,0.00366596,0.0113411,0.00218122,-4063,7,-0.37487,-0.37628,-0.376031,2,25,52
203500,0.00324655,0.0118348,0.00358334,-4074,7,-0.202716,-0.201338,-0.202942,2,26,13
204000,0.00534551,0.0137276,0.00146584,-4085,7,-0.0981713,-0.0980258,-0.09694,2,26,33
204500,0.00380396,0.010024,0.00461952,-4096,7,-0.0523895,-0.0539779,-0.0535539,2,26,54
205000,0.00779949,0.00993403,0.00284746,-4107,7,-0.0163603,-0.0173646,-0.0162239,2,27,13
205500,0.00347703,0.0121205,0.000903288,-4118,7,-0.00214987,-0.00205361,-0.00219046,2,27,35
206000,0.00586657,0.010875,0.000868715,-4129,7,0.0076542,0.00677559,0.00553589,2,27,57
206500,0.00412205,0.0146122,0.00477442,-4139,7,-0.581965,-0.583512,-0.582689,2,28,19
207000,0.00391743,0.0109428,0.00435312,-4150,7,-0.305401,-0.304846,-0.302836,2,28,42
207500,0.00315812,0.0133053,0.00462665,-4161,7,-0.147118,-0.150762,-0.152781,2,29,2
208000,0.00568145,0.0125741,0.00112681,-4172,7,-0.0844753,-0.085299,-0.0862868,2,29,23
208500,0.00527967,0.0114855,0.00294523,-4183,7,-0.0443531,-0.0429061,-0.0448948,2,29,43
209000,0.00449677,0.0128062,0.00515165,-4194,7,-0.0131429,-0.0133815,-0.0151197,2,30,3
209500,0.00591614,0.0124578,-0.000908902,-4205,7,-0.0065681,-0.0036428,-0.00384823,2,30,24
210000,0.00429146,0.0145041,0.00537181,-4215,7,-0.89565,-0.895179,-0.894501,2,30,45
210500,0.00602445,0.00994374,0.00170007,-4226,7,-0.473748,-0.474068,-0.472153,2,31,6
211000,0.00375907,0.0140817,0.0036348,-4237,7,-0.240525,-0.24133,-0.241973,2,31,26
211500,0.00617396,0.0100719,0.00248052,-4248,7,-0.128066,-0.129183,-0.129891,2,31,47
212000,0.00397949,0.0131478,0.00438938,-4259,7,-0.0634749,-0.0636177,-0.0631578,2,32,9
212500,0.00350559,0.00856649,0.00433335,-4270,7,-0.0201958,-0.0216248,-0.0201576,2,32,29
213000,0.00433519,0.0120683,0.00363756,-4281,7,-0.0148134,-0.0151908,-0.017222,2,32,52
213500,0.005595,0.0122879,0.00277039,-4292,7,-0.00012954,0.000673169,-0.000775913,2,33,12
214000,0.00479518,0.0116149,0.00292357,-4302,7,-0.713105,-0.713749,-0.711861,2,33,33
214500,0.00463574,0.0137207,0.00400551,-4313,7,-0.375755,-0.376241,-0.376878,2,33,55
215000,0.00308884,0.0120321,0.00288747,-4324,7,-0.199706,-0.199494,-0.200685,2,34,16
215500,0.0035254,0.01501,0.00459034,-4335,7,-0.10276,-0.102167,-0.102324,2,34,36
216000,0.00630589,0.00899932,0.00145644,-4346,7,-0.0438394,-0.0467183,-0.0471349,2,34,56
216500,0.00589119,0.0121808,0.00396149,-4357,7,-0.0164509,-0.0207853,-0.0150515,2,35,17
217000,0.00599738,0.0105372,-0.00200701,-4368,7,-0.00448426,-0.00376859,-0.00520123,2,35,37
217500,0.00414712,0.0120435,0.00309596,-4379,7,0.00340776,0.00204978,0.00187143,2,35,58
218000,0.00640362,0.0123865,0.00320392,-4389,7,-0.578553,-0.579081,-0.576786,2,36,20
218500,0.00408956,0.011939,0.00369443,-4400,7,-0.296038,-0.298795,-0.296618,2,36,41
219000,0.00526646,0.0109641,0.00254553,-4411,7,-0.146239,-0.146854,-0.146651,2,37,1
219500,0.00427736,0.0137144,0.00409311,-4422,7,-0.0878655,-0.0874521,-0.0876857,2,37,22
220000,0.00594995,0.0136969,0.00423194,-4433,7,-0.0405874,-0.0409609,-0.0415013,2,37,43
220500,0.00428041,0.0126692,0.00409584,-4444,7,-0.0170804,-0.0176158,-0.0188625,2,38,4
221000,0.00426683,0.0137593,0.00225457,-4455,7,-0.00203724,-0.00472487,-0.00370342,2,38,24
221500,0.00611261,0.0130842,0.002461,-4465,7,-0.892937,-0.891002,-0.888977,2,38,45
222000,0.00474264,0.0108566,0.00397039,-4476,7,-0.46823,-0.467252,-0.466892,2,39,5
222500,0.00511905,0.0119312,0.00369605,-4487,7,-0.24778,-0.246837,-0.245673,2,39,26
223000,0.00437259,0.0116827,0.00490528,-4498,7,-0.13091,-0.130775,-0.13092,2,39,47
223500,0.00609647,0.0105361,0.00295791,-4509,7,-0.0672,-0.0668178,-0.0672942,2,40,9
224000,0.0034888,0.00975516,0.00392961,-4520,7,-0.0265213,-0.0280813,-0.0268232,2,40,30
224500,0.00669883,0.00968506,0.00219402,-4531,7,-0.0108845,-0.0103971,-0.00945342,2,40,50
225000,0.004288,0.0130796,0.00574546,-4542,7,-0.00274119,-0.00168039,-0.00163093,2,41,10
225500,0.00604227,0.0108678,0.000825117,-4552,7,-0.727555,-0.728841,-0.726841,2,41,31
226000,0.00366596,0.0113411,0.00218122,-4563,7,-0.383135,-0.383119,-0.38392,2,41,51
226500,0.00324655,0.0118348,0.00358334,-4574,7,-0.200267,-0.200189,-0.201543,2,42,12
227000,0.00534551,0.0137276,0.00146584,-4585,7,-0.106187,-0.106014,-0.1064,2,42,32
227500,0.00380396,0.010024,0.00461952,-4596,7,-0.051535,-0.0511399,-0.051005,2,42,53
228000,0.00800298,0.00989649,0.00347357,-4607,7,-0.0209283,-0.0225206,-0.0184368,2,43,13
228500,0.00347703,0.0121205,0.000903288,-4618,7,-0.00729445,-0.00705397,-0.00687317,2,43,36
229000,0.00586657,0.010875,0.000868715,-4629,7,0.00345725,0.00262308,0.000829962,2,43,56
229500,0.00412205,0.0146122,0.00477442,-4639,7,-0.590064,-0.589896,-0.590909,2,44,19
230000,0.00441728,0.0107283,0.00416598,-4650,7,-0.313181,-0.312321,-0.312906,2,44,40
230500,0.00315812,0.0133053,0.00462665,-4661,7,-0.158873,-0.160922,-0.16249,2,45,0
231000,0.00568145,0.0125741,0.00112681,-4672,7,-0.0876689,-0.0861232,-0.0857196,2,45,21
231500,0.00557714,0.0112291,0.00136783,-4683,7,-0.0354998,-0.037701,-0.0386685,2,45,41
232000,0.00449677,0.0128062,0.00515165,-4694,7,-0.0144282,-0.0145213,-0.0154131,2,46,1
232500,0.00591614,0.0124578,-0.000908902,-4705,7,-0.00596418,-0.00612223,-0.00456222,2,46,23
233000,0.00429146,0.0145041,0.00537181,-4715,7,-0.897625,-0.897976,-0.898212,2,46,44
233500,0.00602445,0.00994374,0.00170007,-4726,7,-0.471488,-0.47124,-0.468699,2,47,4
234000,0.00375907,0.0140817,0.0036348,-4737,7,-0.252356,-0.253325,-0.252557,2,47,25
234500,0.00617396,0.0100719,0.00248052,-4748,7,-0.117359,-0.119178,-0.118261,2,47,45
235000,0.00397949,0.0131478,0.00438938,-4759,7,-0.0670481,-0.0678607,-0.0680978,2,48,5
235500,0.00350559,0.00856649,0.00433335,-4770,7,-0.0288183,-0.0311306,-0.0301056,2,48,26
236000,0.00472191,0.0124563,0.00408892,-4781,7,-0.0125456,-0.011497,-0.0118218,2,48,46
236500,0.005595,0.0122879,0.00277039,-4792,7,0.00335653,0.00424928,0.00132344,2,49,7
237000,0.00479518,0.0116149,0.00292357,-4802,7,-0.717516,-0.718051,-0.716331,2,49,27
237500,0.00463574,0.0137207,0.00400551,-4813,7,-0.384595,-0.384072,-0.384977,2,49,49
238000,0.00308884,0.0120321,0.00288747,-4824,7,-0.198741,-0.198877,-0.198954,2,50,10
238500,0.0035254,0.01501,0.00459034,-4835,7,-0.0992673,-0.0988364,-0.0983174,2,50,30
239000,0.00716462,0.00901738,0.00182394,-4846,7,-0.0597158,-0.0576435,-0.0607523,2,50,50
239500,0.00591967,0.012675,0.00390151,-4857,7,-0.0257101,-0.0258604,-0.0243111,2,51,10
240000,0.00506572,0.0104577,-0.00109847,-4868,7,-0.0127295,-0.0118267,-0.0117317,2,51,32
240500,0.00414712,0.0120435,0.00309596,-4879,7,0.000655352,-0.000541176,-0.0011156,2,51,53
241000,0.00640362,0.0123865,0.00320392,-4889,7,-0.588805,-0.588776,-0.587705,2,52,13
241500,0.00408956,0.011939,0.00369443,-4900,7,-0.307811,-0.309257,-0.307578,2,52,36
242000,0.00526646,0.0109641,0.00254553,-4911,7,-0.157487,-0.158118,-0.160257,2,52,57
242500,0.00427736,0.0137144,0.00409311,-4922,7,-0.0839353,-0.0844063,-0.084089,2,53,17
243000,0.00594995,0.0136969,0.00423194,-4933,7,-0.0395429,-0.0399246,-0.0397542,2,53,38
243500,0.00428041,0.0126692,0.00409584,-4944,7,-0.013012,-0.0138493,-0.0129773,2,53,58
244000,0.00426683,0.0137593,0.00225457,-4955,7,9.31118e-05,-0.00152863,-3.13772e-05,2,54,19
244500,0.00611261,0.0130842,0.002461,-4965,7,-0.903019,-0.901765,-0.901526,2,54,38
245000,0.00474264,0.0108566,0.00397039,-4976,7,-0.474716,-0.474047,-0.474337,2,54,59
245500,0.00511905,0.0119312,0.00369605,-4987,7,-0.253925,-0.253257,-0.252234,2,55,20
246000,0.00437259,0.0116827,0.00490528,-4998,7,-0.128941,-0.129655,-0.128054,2,55,40
246500,0.00626649,0.0105367,0.00253942,-5009,7,-0.0662739,-0.0663391,-0.0674098,2,56,3
247000,0.00399545,0.0091606,0.00422171,-5020,7,-0.0201495,-0.0223322,-0.0193464,2,56,23
247500,0.00669883,0.00968506,0.00219402,-5031,7,-0.00021802,-0.00148579,0.00196409,2,56,44
248000,0.004288,0.0130796,0.00574546,-5042,7,-3.68888e-05,-0.000245148,4.8914e-05,2,57,4
248500,0.00604227,0.0108678,0.000825117,-5052,7,-0.725394,-0.728209,-0.727412,2,57,24
249000,0.00366596,0.0113411,0.00218122,-5063,7,-0.384857,-0.384569,-0.383604,2,57,45
249500,0.00324655,0.0118348,0.00358334,-5074,7,-0.201462,-0.202009,-0.20348,2,58,7
250000,0.00534551,0.0137276,0.00146584,-5085,7,-0.104785,-0.103933,-0.103256,2,58,31
250500,0.00380396,0.010024,0.00461952,-5096,7,-0.0527338,-0.0524613,-0.053857,2,58,51
251000,0.00779949,0.00993403,0.00284746,-5107,7,-0.0275452,-0.0273066,-0.0271512,2,59,11
251500,0.00347703,0.0121205,0.000903288,-5118,7,-0.0154495,-0.0141261,-0.0147369,2,59,31
252000,0.00586657,0.010875,0.000868715,-5129,7,0.0076912,0.00707133,0.0073517,2,59,51
252500,0.00412205,0.0146122,0.00477442,-5139,7,-0.58532,-0.584461,-0.584795,3,0,13
253000,0.00391743,0.0109428,0.00435312,-5150,7,-0.310068,-0.310121,-0.309568,3,0,34
253500,0.00315812,0.0133053,0.00462665,-5161,7,-0.165291,-0.165335,-0.166795,3,0,56
254000,0.00568145,0.0125741,0.00112681,-5172,7,-0.0862343,-0.0856573,-0.085857,3,1,20
254500,0.00527967,0.0114855,0.00294523,-5183,7,-0.0361083,-0.0360675,-0.0353283,3,1,39
255000,0.00240356,0.0115601,0.00524683,-5194,7,-0.0109126,-0.0120129,-0.0136853,3,2,1
255500,0.00591614,0.0124578,-0.000908902,-5205,7,-0.00758637,-0.00601258,-0.00619448,3,2,20
256000,0.00429146,0.0145041,0.00537181,-5215,7,-0.899332,-0.899402,-0.898948,3,2,40
256500,0.00602445,0.00994374,0.00170007,-5226,7,-0.47319,-0.472312,-0.472006,3,3,0
257000,0.00375907,0.0140817,0.0036348,-5237,7,-0.25356,-0.253312,-0.253975,3,3,21
257500,0.00617396,0.0100719,0.00248052,-5248,7,-0.129,-0.131004,-0.130836,3,3,41
258000,0.00389993,0.0132291,0.00428306,-5259,7,-0.0678544,-0.0683277,-0.0700068,3,4,3
258500,0.00395603,0.00841751,0.00439913,-5270,7,-0.0267289,-0.0272564,-0.0275801,3,4,24
259000,0.00472191,0.0124563,0.00408892,-5281,7,-0.0127326,-0.0135884,-0.0159638,3,4,44
259500,0.005595,0.0122879,0.00277039,-5292,7,-0.00735605,-0.00605755,-0.00666484,3,5,7
260000,0.00479518,0.0116149,0.00292357,-5302,7,-0.725311,-0.725536,-0.725159,3,5,28
260500,0.00463574,0.0137207,0.00400551,-5313,7,-0.378648,-0.377185,-0.37717,3,5,49
261000,0.00308884,0.0120321,0.00288747,-5324,7,-0.199397,-0.200067,-0.199588,3,6,9
261500,0.0035254,0.01501,0.00459034,-5335,7,-0.103501,-0.102838,-0.102186,3,6,30
262000,0.00630589,0.00899932,0.00145644,-5346,7,-0.0493157,-0.0505451,-0.050225,3,6,50
262500,0.00591967,0.012675,0.00390151,-5357,7,-0.0244756,-0.0235182,-0.0224764,3,7,11
263000,0.00562142,0.0108618,-0.00172749,-5368,7,-0.00178302,-0.00191198,-0.00256726,3,7,32
263500,0.00414712,0.0120435,0.00309596,-5379,7,0.00103815,-0.000332951,-0.00012692,3,7,53
264000,0.00640362,0.0123865,0.00320392,-5389,7,-0.588104,-0.588787,-0.588353,3,8,14
264500,0.00408956,0.011939,0.00369443,-5400,7,-0.305801,-0.306789,-0.306598,3,8,34
265000,0.00526646,0.0109641,0.00254553,-5411,7,-0.162198,-0.162081,-0.162407,3,8,55
265500,0.00427736,0.0137144,0.00409311,-5422,7,-0.0854869,-0.0845282,-0.0846825,3,9,17
266000,0.00594995,0.0136969,0.00423194,-5433,7,-0.0435677,-0.0436095,-0.0436033,3,9,38
266500,0.00428041,0.0126692,0.00409584,-5444,7,-0.010915,-0.0108806,-0.0102779,3,9,59
267000,0.00426683,0.0137593,0.00225457,-5455,7,-0.00555434,-0.00666763,-0.00780666,3,10,20
267500,0.00649539,0.0125526,0.0024264,-5465,7,-0.897521,-0.898373,-0.898384,3,10,40
268000,0.00474264,0.0108566,0.00397039,-5476,7,-0.4743,-0.473064,-0.472718,3,11,1
268500,0.00511905,0.0119312,0.00369605,-5487,7,-0.255267,-0.255048,-0.254717,3,11,22
269000,0.00437259,0.0116827,0.00490528,-5498,7,-0.126778,-0.127532,-0.126611,3,11,42
269500,0.0066774,0.0103504,0.00322289,-5509,7,-0.0554857,-0.0564401,-0.0559795,3,12,3
270000,0.0034888,0.00975516,0.00392961,-5520,7,-0.0345238,-0.0355119,-0.035564,3,12,26
270500,0.00704268,0.00989865,-0.000122916,-5531,7,-0.00609159,-0.00435161,-0.00359019,3,12,46
271000,0.004288,0.0130796,0.00574546,-5542,7,-0.00429137,-0.00307964,-0.00287737,3,13,7
271500,0.00604227,0.0108678,0.000825117,-5552,7,-0.728732,-0.729391,-0.729325,3,13,29
272000,0.00366596,0.0113411,0.00218122,-5563,7,-0.377385,-0.377307,-0.376048,3,13,49
272500,0.00324655,0.0118348,0.00358334,-5574,7,-0.197025,-0.19832,-0.197722,3,14,10
273000,0.00534551,0.0137276,0.00146584,-5585,7,-0.100976,-0.100311,-0.0988932,3,14,30
273500,0.00380396,0.010024,0.00461952,-5596,7,-0.0513288,-0.0504842,-0.0503865,3,14,51
274000,0.00779949,0.00993403,0.00284746,-5607,7,-0.0239692,-0.023515,-0.0226506,3,15,11
274500,0.00347703,0.0121205,0.000903288,-5618,7,-0.0098223,-0.0093413,-0.0105255,3,15,32
275000,0.00586657,0.010875,0.000868715,-5629,7,-0.00574436,-0.00602941,-0.00664833,3,15,52
275500,0.00412205,0.0146122,0.00477442,-5639,7,-0.592534,-0.593126,-0.592267,3,16,13
276000,0.00391743,0.0109428,0.00435312,-5650,7,-0.310218,-0.310845,-0.308522,3,16,34
276500,0.00315812,0.0133053,0.00462665,-5661,7,-0.163056,-0.165307,-0.166215,3,16,55
277000,0.00568145,0.0125741,0.00112681,-5672,7,-0.0843798,-0.0831502,-0.0838973,3,17,16
277500,0.00483443,0.0113766,0.00271159,-5683,7,-0.0485738,-0.0479827,-0.0487461,3,17,36
278000,0.00449677,0.0128062,0.00515165,-5694,7,-0.0174674,-0.0170185,-0.0192869,3,17,56
278500,0.00591614,0.0124578,-0.000908902,-5705,7,-0.00109282,1.94917e-05,0.000832022,3,18,16
279000,0.00429146,0.0145041,0.00537181,-5715,7,-0.901755,-0.903042,-0.904652,3,18,37
279500,0.00602445,0.00994374,0.00170007,-5726,7,-0.475053,-0.474644,-0.473636,3,18,59
280000,0.00375907,0.0140817,0.0036348,-5737,7,-0.252814,-0.252122,-0.251924,3,19,21
280500,0.00617396,0.0100719,0.00248052,-5748,7,-0.128159,-0.129093,-0.129996,3,19,42
281000,0.00397949,0.0131478,0.00438938,-5759,7,-0.0625391,-0.0623176,-0.0626744,3,20,2
281500,0.00343866,0.00853208,0.00377204,-5770,7,-0.0222517,-0.0238695,-0.0222058,3,20,23
282000,0.00472191,0.0124563,0.00408892,-5781,7,-0.0176306,-0.0180579,-0.018418,3,20,43
282500,0.005595,0.0122879,0.00277039,-5792,7,-0.00570602,-0.00540758,-0.00592422,3,21,4
283000,0.00479518,0.0116149,0.00292357,-5802,7,-0.723705,-0.724453,-0.724719,3,21,24
283500,0.00463574,0.0137207,0.00400551,-5813,7,-0.38668,-0.385116,-0.385434,3,21,45
284000,0.00308884,0.0120321,0.00288747,-5824,7,-0.198569,-0.200133,-0.199471,3,22,5
284500,0.0035254,0.01501,0.00459034,-5835,7,-0.110068,-0.109376,-0.109992,3,22,27
285000,0.00630589,0.00899932,0.00145644,-5846,7,-0.0397978,-0.0421007,-0.0419141,3,22,48
285500,0.00591967,0.012675,0.00390151,-5857,7,-0.0274555,-0.0271101,-0.0270319,3,23,8
286000,0.00562142,0.0108618,-0.00172749,-5868,7,-0.00965281,-0.0084413,-0.0084055,3,23,31
286500,0.00414712,0.0120435,0.00309596,-5879,7,-0.00183495,-0.00230602,-0.00180901,3,23,53
287000,0.00640362,0.0123865,0.00320392,-5889,7,-0.585596,-0.586452,-0.585415,3,24,13
287500,0.00408956,0.011939,0.00369443,-5900,7,-0.311689,-0.312601,-0.31166,3,24,33
288000,0.00526646,0.0109641,0.00254553,-5911,7,-0.166122,-0.164681,-0.164575,3,24,54
288500,0.00427736,0.0137144,0.00409311,-5922,7,-0.0834528,-0.0837587,-0.0829718,3,25,15
289000,0.00598383,0.013851,0.00418157,-5933,7,-0.0463759,-0.0444153,-0.0475337,3,25,35
289500,0.00259676,0.0115993,0.00412645,-5944,7,-0.0199729,-0.0194972,-0.0208103,3,25,56
290000,0.00426683,0.0137593,0.00225457,-5955,7,-0.0140591,-0.014927,-0.0143567,3,26,19
290500,0.00611261,0.0130842,0.002461,-5965,7,-0.8977,-0.898135,-0.896438,3,26,40
291000,0.00474264,0.0108566,0.00397039,-5976,7,-0.480301,-0.477889,-0.480225,3,27,0
291500,0.00511905,0.0119312,0.00369605,-5987,7,-0.238993,-0.237957,-0.235752,3,27,20
292000,0.00437259,0.0116827,0.00490528,-5998,7,-0.133564,-0.133987,-0.133154,3,27,41
292500,0.00626649,0.0105367,0.00253942,-6009,7,-0.0661615,-0.0653805,-0.0678091,3,28,1
293000,0.0034888,0.00975516,0.00392961,-6020,7,-0.0351287,-0.0342189,-0.0351378,3,28,22
293500,0.00669883,0.00968506,0.00219402,-6031,7,-0.00243535,-0.00473324,-0.0039096,3,28,42
294000,0.004288,0.0130796,0.00574546,-6042,7,-0.00864518,-0.00772553,-0.0077439,3,29,2
294500,0.00604227,0.0108678,0.000825117,-6052,7,-0.726734,-0.72741,-0.727894,3,29,23
295000,0.00366596,0.0113411,0.00218122,-6063,7,-0.38535,-0.384689,-0.384114,3,29,43
295500,0.00324655,0.0118348,0.00358334,-6074,7,-0.200386,-0.201096,-0.201127,3,30,4
296000,0.00534551,0.0137276,0.00146584,-6085,7,-0.107594,-0.10766,-0.107196,3,30,24
296500,0.00367273,0.0101088,0.00428674,-6096,7,-0.0558727,-0.0544995,-0.0559978,3,30,45
297000,0.00779949,0.00993403,0.00284746,-6107,7,-0.0228778,-0.0232501,-0.0239384,3,31,4
297500,0.00330193,0.0123413,0.00109047,-6118,7,-0.0122258,-0.0116251,-0.0121653,3,31,25
298000,0.00586666,0.0107996,0.000565239,-6129,7,-0.00459662,-0.00433319,-0.0049822,3,31,46
298500,0.00412205,0.0146122,0.00477442,-6139,7,-0.58579,-0.585822,-0.584765,3,32,6
299000,0.00391743,0.0109428,0.00435312,-6150,7,-0.316805,-0.316023,-0.317013,3,32,27
299500,0.00315812,0.0133053,0.00462665,-6161,7,-0.160983,-0.161954,-0.162082,3,32,47
300000,0.00568145,0.0125741,0.00112681,-6172,7,-0.0832428,-0.0838318,-0.083302,3,33,9
300500,0.00527967,0.0114855,0.00294523,-6183,7,-0.0450082,-0.0457901,-0.0454166,3,33,32
301000,0.00449677,0.0128062,0.00515165,-6194,7,-0.0137355,-0.0136481,-0.0136921,3,33,52
301500,0.00591614,0.0124578,-0.000908902,-6205,7,-0.00952731,-0.00974025,-0.0089676,3,34,11
302000,0.00405611,0.0144524,0.00531465,-6215,7,-0.899711,-0.901492,-0.901651,3,34,33
302500,0.00602445,0.00994374,0.00170007,-6226,7,-0.473634,-0.473884,-0.473963,3,34,57
303000,0.00375907,0.0140817,0.0036348,-6237,7,-0.244652,-0.245622,-0.245063,3,35,23
