500,0.0168204,0.0217681,0.0123914,-8,0,0.0103334,0.0113474,0.0136188,0,0,8
1000,0.0177302,0.0202257,0.00915605,-16,0,-0.000540921,-0.008557,0.000814736,0,0,25
1500,0.0171723,0.0210102,0.00887879,-27,0,-0.0178943,-0.0244395,-0.0150851,0,0,44
2000,0.0166984,0.0179454,0.00745055,-38,0,-0.0302865,-0.0537916,-0.0287969,0,1,2
2500,0.0181631,0.0184457,0.0106277,-48,0,-0.0372867,-0.0617896,-0.0406975,0,1,19
3000,0.0191919,0.0183964,0.00996626,-59,0,-0.050923,-0.0687936,-0.0598892,0,1,38
3500,0.0184984,0.0194057,0.00863489,-70,0,-0.0456153,-0.0616085,-0.0544828,0,1,57
4000,0.0152386,0.0184467,0.0138334,-81,0,-0.0364654,-0.0371787,-0.0512497,0,2,16
4500,0.0178344,0.0184272,0.00885891,-92,0,0.065736,0.0641693,0.0458073,0,2,34
5000,0.0194201,0.0184136,0.0102991,-103,0,0.208906,0.235019,0.185627,0,2,52
5500,0.0173386,0.019925,0.00868311,-114,0,0.419969,0.381272,0.403306,0,3,13
6000,0.0181756,0.0192011,0.0107811,-125,0,0.396022,0.146102,0.392899,0,3,31
6500,0.0180292,0.0189574,0.00895748,-135,0,0.966188,0.975158,0.950177,0,3,52
7000,0.0153699,0.0161731,0.00820026,-143,0,1.23216,1.26597,1.22146,0,4,12
7500,0.0177068,0.0199752,0.0116589,-153,0,1.38161,1.32208,1.39538,0,4,32
8000,0.0197106,0.0182164,0.0109317,-164,0,1.02553,1.07225,1.01634,0,4,53
8500,0.017832,0.019087,0.00952065,-175,0,1.46792,1.47492,1.46367,0,5,12
9000,0.0176728,0.0162672,0.0105222,-182,0,1.13635,1.10817,1.1181,0,5,32
9500,0.017696,0.0196035,0.00994122,-193,0,1.22664,1.21795,1.23071,0,5,51
10000,0.0177742,0.018046,0.0124952,-204,0,1.06062,1.10212,1.0581,0,6,12
10500,0.0175516,0.019543,0.00743684,-214,0,1.23203,1.24691,1.22892,0,6,32
11000,0.0157581,0.01619,0.00738234,-219,0,0.899919,0.567773,0.862846,0,6,53
11500,0.0154999,0.020828,0.0121421,-226,0,1.11611,1.11927,1.11615,0,7,13
12000,0.0214291,0.0175854,0.0103782,-237,0,1.63177,1.63094,1.62148,0,7,33
12500,0.0167733,0.0185311,0.00985247,-247,0,1.01931,0.82382,1.0069,0,7,54
13000,0.0187569,0.0179949,0.00915878,-258,0,1.52662,1.56639,1.51796,0,8,14
13500,0.0152116,0.0191927,0.00987914,-269,0,1.25474,1.25589,1.26459,0,8,32
14000,0.0174692,0.0175011,0.0133252,-280,0,1.10684,1.08708,1.11275,0,8,53
14500,0.014876,0.0205172,0.0108661,-291,0,1.27979,1.27875,1.3108,0,9,13
15000,0.0171839,0.0202313,0.0108047,-302,0,1.44164,1.42337,1.44594,0,9,33
15500,0.0154246,0.0202599,0.0105174,-309,0,1.21498,1.21006,1.21721,0,9,54
16000,0.0156751,0.0222832,0.0131326,-320,0,0.999907,1.01598,0.998315,0,10,14
16500,0.0159036,0.0164936,0.0107591,-324,0,0.946843,0.910962,0.942092,0,10,34
17000,0.0162652,0.0170574,0.0113711,-328,0,0.985898,0.965801,0.962961,0,10,53
17500,0.0168702,0.0202313,0.0115366,-338,0,1.02475,1.07583,1.05018,0,11,14
18000,0.0162565,0.0158238,0.0101863,-344,0,1.0176,1.00089,1.0165,0,11,34
18500,0.0154865,0.0153462,0.0101082,-349,0,1.07592,1.05864,1.08462,0,11,54
19000,0.0175601,0.0157857,0.00969621,-354,0,0.975031,1.00546,0.981763,0,12,14
19500,0.0152391,0.0188993,0.00995319,-360,0,0.957577,0.957428,0.932746,0,12,35
20000,0.0141204,0.0156948,0.00950646,-367,0,0.982358,1.00126,0.978806,0,12,57
20500,0.0169952,0.0208305,0.0106195,-374,0,0.858133,0.882093,0.871485,0,13,15
21000,0.017224,0.0160922,0.00907588,-378,0,1.02028,1.0336,1.00778,0,13,36
21500,0.0137894,0.0169335,0.0106004,-381,0,0.896953,0.928177,0.892874,0,13,56
22000,0.0180261,0.0199882,0.0110801,-392,0,0.856472,0.852755,0.859608,0,14,17
22500,0.0148079,0.0158235,0.00834211,-399,0,0.716924,0.715061,0.711492,0,14,37
23000,0.0179567,0.0191066,0.00879559,-407,0,0.21008,-0.182726,0.259499,0,14,58
23500,0.0175177,0.0203247,0.00996176,-417,0,0.622068,0.632469,0.626701,0,15,18
24000,0.0184361,0.0184693,0.0100828,-428,0,0.690772,0.703716,0.680401,0,15,41
24500,0.0181918,0.0155897,0.00639786,-436,0,0.830326,0.83861,0.831071,0,16,4
25000,0.0182966,0.0195958,0.010754,-446,0,0.549474,0.547551,0.563159,0,16,27
25500,0.0199501,0.0180834,0.00830969,-457,0,0.531847,0.538166,0.522068,0,16,47
26000,0.0183882,0.0183403,0.0118688,-468,0,0.637297,0.640702,0.647306,0,17,9
26500,0.0163137,0.0198792,0.0126973,-479,0,0.45607,0.452526,0.458645,0,17,29
27000,0.0184575,0.0196077,0.00855319,-490,0,0.62992,0.616909,0.642317,0,17,47
27500,0.0148954,0.0161791,0.0103098,-497,0,0.674606,0.667436,0.666836,0,18,8
28000,0.0156735,0.0209089,0.0110936,-508,0,0.650247,0.670543,0.659722,0,18,29
28500,0.0160811,0.0167085,0.0089928,-515,0,0.603153,0.603658,0.598113,0,18,49
29000,0.0182789,0.0205385,0.014885,-520,0,0.468098,0.451892,0.45869,0,19,9
29500,0.0174505,0.019663,0.0134229,-521,1,0.583806,0.622159,0.556178,0,19,29
30000,0.0163326,0.0224117,0.0113041,-525,1,0.462791,0.453074,0.44989,0,19,51
30500,0.0134066,0.0197777,0.010693,-529,1,0.656998,0.686083,0.653186,0,20,11
31000,0.016081,0.0179774,0.00983897,-534,1,0.357188,0.27203,0.364053,0,20,31
31500,0.0175897,0.0165298,0.00915325,-536,2,0.973981,0.997386,0.972686,0,20,51
32000,0.0127473,0.0166793,0.0109803,-543,2,0.689174,0.70476,0.69758,0,21,12
32500,0.0163416,0.0217863,0.00948074,-554,2,0.83639,0.832782,0.851119,0,21,32
33000,0.0180613,0.0202046,0.010368,-561,2,0.438828,0.450187,0.444186,0,21,52
33500,0.0160881,0.017814,0.0100881,-568,2,0.548256,0.532446,0.574086,0,22,12
34000,0.0192508,0.0150063,0.00870218,-576,2,0.933411,0.957449,0.917629,0,22,32
34500,0.0180265,0.0192651,0.00955049,-586,2,0.0575327,-0.0735871,0.109572,0,22,52
35000,0.016704,0.0165007,0.00858125,-590,2,0.738707,0.741777,0.723874,0,23,12
35500,0.0182847,0.0185354,0.00987997,-597,2,0.305963,0.28624,0.330353,0,23,32
36000,0.0166685,0.0195067,0.0110649,-607,2,0.769677,0.818172,0.774427,0,23,53
36500,0.019965,0.0183287,0.0104989,-612,3,0.59876,0.634454,0.611092,0,24,13
37000,0.0176988,0.0181151,0.0129368,-616,4,0.553183,0.572878,0.550659,0,24,33
37500,0.0139399,0.0155785,0.00948349,-621,4,0.878781,0.898911,0.889025,0,24,54
38000,0.0176232,0.019651,0.00828358,-624,6,0.72772,0.739204,0.731683,0,25,16
38500,0.0218949,0.017496,0.00889904,-628,6,0.913062,0.922805,0.891636,0,25,36
39000,0.017903,0.0191721,0.0134395,-633,7,0.365704,0.378798,0.359236,0,25,56
39500,0.0149239,0.0199322,0.0126945,-637,7,1.08039,1.12537,1.06597,0,26,16
40000,0.0192342,0.0208187,0.0109692,-645,7,0.458761,0.464712,0.471391,0,26,37
40500,0.015425,0.0166382,0.00852996,-652,7,0.425832,0.43433,0.425398,0,26,58
41000,0.0147279,0.0223218,0.00761283,-663,7,0.500549,0.513978,0.500616,0,27,18
41500,0.0148062,0.0161194,0.0077574,-670,7,0.587193,0.607644,0.572336,0,27,38
42000,0.0168401,0.0228631,0.0124814,-681,7,0.377472,0.378143,0.383185,0,27,59
42500,0.0158439,0.0162095,0.00820703,-689,7,0.513261,0.505842,0.504382,0,28,18
43000,0.0157629,0.0167953,0.0120719,-697,7,0.46868,0.485491,0.473747,0,28,39
43500,0.0191043,0.0217727,0.0088617,-701,7,0.216501,0.218352,0.212507,0,28,59
44000,0.0151151,0.0185809,0.00853316,-706,7,0.293405,0.3049,0.289446,0,29,19
44500,0.0130738,0.0179502,0.0136988,-713,7,0.273209,0.276998,0.276803,0,29,39
45000,0.0170555,0.0186753,0.0110419,-720,7,-0.337186,-0.388088,-0.320526,0,29,59
45500,0.018003,0.0181662,0.0103261,-731,7,-0.173099,-0.162753,-0.159418,0,30,19
46000,0.0176165,0.0174688,0.0107937,-742,7,-0.102039,-0.10487,-0.0914202,0,30,38
46500,0.0165354,0.0170131,0.00556747,-749,7,-0.0589109,-0.0919683,-0.056347,0,30,59
47000,0.0182953,0.0173119,0.00935591,-760,7,-0.185879,-0.19336,-0.162,0,31,20
47500,0.0144759,0.0181713,0.0110018,-769,7,0.358121,0.374607,0.358259,0,31,40
48000,0.0140508,0.0162628,0.0110912,-775,7,0.4526,0.453009,0.442222,0,32,0
48500,0.0206023,0.0181396,0.00847892,-786,7,0.0715884,0.086156,0.0774026,0,32,21
49000,0.0177386,0.0196194,0.0110219,-796,7,-0.543821,-0.591786,-0.541919,0,32,41
49500,0.0184999,0.0188468,0.00932025,-807,7,-0.174732,-0.156573,-0.156639,0,33,1
50000,0.018786,0.0186221,0.00972916,-818,7,-0.27448,-0.277381,-0.265163,0,33,23
50500,0.0174537,0.0160089,0.00795911,-825,7,-0.222313,-0.273555,-0.227264,0,33,43
51000,0.0184621,0.018985,0.0103361,-836,7,-0.341084,-0.349333,-0.331789,0,34,5
51500,0.0165006,0.0191473,0.00936701,-847,7,-0.0486873,-0.0396235,-0.0688342,0,34,25
52000,0.0153224,0.0159163,0.00857426,-851,7,0.462004,0.483068,0.469975,0,34,46
52500,0.0125091,0.0161064,0.00874985,-854,7,-0.0101189,-0.0057885,0.00722423,0,35,6
53000,0.0179389,0.0207258,0.0130928,-865,7,-0.164525,-0.159608,-0.15464,0,35,26
53500,0.0173187,0.0213786,0.0125235,-876,7,-0.107198,-0.130825,-0.101885,0,35,46
54000,0.0174837,0.0179809,0.00882249,-883,7,-0.140035,-0.137906,-0.136094,0,36,7
54500,0.0159412,0.0169814,0.0104495,-890,7,-0.112313,-0.0969373,-0.0989406,0,36,27
55000,0.0180339,0.0188837,0.0100475,-901,7,-0.387657,-0.392216,-0.386177,0,36,47
55500,0.0190603,0.0195869,0.00818651,-908,7,-0.438338,-0.433362,-0.41418,0,37,8
56000,0.0182825,0.0191168,0.00990427,-919,7,-0.309228,-0.30969,-0.301599,0,37,28
56500,0.0180067,0.0197905,0.00852711,-930,7,-0.234229,-0.224939,-0.234007,0,37,50
57000,0.0173688,0.020984,0.011044,-941,7,-0.294169,-0.299875,-0.288772,0,38,9
57500,0.017674,0.0167986,0.00924679,-947,7,0.355651,0.359693,0.35547,0,38,30
58000,0.0187712,0.0186089,0.0102575,-955,7,-0.402839,-0.398937,-0.386016,0,38,51
58500,0.0182323,0.0212383,0.0104215,-966,7,-0.244755,-0.249442,-0.24112,0,39,11
59000,0.0179912,0.017777,0.0122731,-977,7,-0.240332,-0.234092,-0.241576,0,39,31
59500,0.0175616,0.0190678,0.0095839,-988,7,-0.130686,-0.129354,-0.131914,0,39,52
60000,0.0167615,0.0221169,0.0111806,-999,7,-0.0549111,-0.0740668,-0.0589626,0,40,13
60500,0.0206559,0.0174938,0.0100268,-1010,7,-0.167566,-0.156801,-0.155742,0,40,34
61000,0.0184282,0.0182425,0.00974741,-1021,7,0.0471083,0.0540349,0.0531672,0,40,53
61500,0.0168973,0.0193528,0.0104663,-1031,7,-0.433734,-0.425091,-0.417423,0,41,14
62000,0.01666,0.0184046,0.0118524,-1042,7,-0.620136,-0.614139,-0.60076,0,41,36
62500,0.018672,0.0179447,0.0120807,-1053,7,-0.511704,-0.510151,-0.505935,0,41,57
63000,0.0149782,0.021589,0.0108081,-1064,7,-0.448894,-0.442775,-0.441733,0,42,18
63500,0.0158056,0.0195134,0.011713,-1075,7,-0.228882,-0.245298,-0.218566,0,42,39
64000,0.018701,0.0198718,0.0099694,-1086,7,-0.203208,-0.203883,-0.204662,0,42,59
64500,0.0169618,0.0194851,0.0118911,-1097,7,-0.00757757,0.00533988,0.0182803,0,43,19
65000,0.0167726,0.0200102,0.00850332,-1108,7,0.0608294,0.0786345,0.0549368,0,43,39
65500,0.0181364,0.0195207,0.00901365,-1118,7,-0.816626,-0.832273,-0.81536,0,43,59
66000,0.01603,0.0189966,0.00863914,-1129,7,-0.101323,-0.0935375,-0.107199,0,44,19
66500,0.0171032,0.0202084,0.00983728,-1140,7,-0.553969,-0.574105,-0.545709,0,44,42
67000,0.0163772,0.0203505,0.00943111,-1151,7,-0.168961,-0.177272,-0.172449,0,45,2
67500,0.0190143,0.0197505,0.011021,-1162,7,-0.374224,-0.370289,-0.378058,0,45,22
68000,0.0160594,0.0209522,0.0118487,-1173,7,-0.303886,-0.293893,-0.295101,0,45,43
68500,0.0181879,0.0199557,0.00826291,-1184,7,-0.391986,-0.373783,-0.379833,0,46,4
69000,0.016934,0.0188744,0.0102539,-1195,7,-1.03852,-1.08815,-1.04922,0,46,24
69500,0.0179974,0.0210598,0.0122129,-1205,7,-0.603358,-0.598326,-0.590246,0,46,45
70000,0.0146302,0.018073,0.0105561,-1213,7,0.249317,0.272516,0.253775,0,47,10
70500,0.0175739,0.0185545,0.00856812,-1223,7,-0.617607,-0.641782,-0.614808,0,47,31
71000,0.0186071,0.0170981,0.0106573,-1234,7,-0.750833,-0.742435,-0.731149,0,47,51
71500,0.0170751,0.0204301,0.0109808,-1245,7,-0.475584,-0.488574,-0.494953,0,48,11
72000,0.0151021,0.0207488,0.0111768,-1256,7,-0.490853,-0.4812,-0.499762,0,48,33
72500,0.0192395,0.0190604,0.00843008,-1267,7,-0.158371,-0.162222,-0.174815,0,48,53
73000,0.0200389,0.0194938,0.0100247,-1278,7,-0.425975,-0.415401,-0.422587,0,49,14
73500,0.0176266,0.0193434,0.00872437,-1289,7,-0.104168,-0.0967285,-0.107021,0,49,34
74000,0.0174999,0.0202348,0.0105621,-1296,7,-0.375065,-0.3728,-0.375271,0,49,54
74500,0.0177328,0.0183063,0.00895952,-1307,7,-0.124199,-0.112071,-0.114087,0,50,15
75000,0.0159206,0.0196502,0.0101452,-1318,7,-0.193436,-0.184306,-0.208752,0,50,35
75500,0.0183881,0.0202873,0.00969639,-1328,7,-0.768234,-0.767116,-0.769047,0,50,54
76000,0.0182038,0.0185462,0.010276,-1339,7,-0.796965,-0.796484,-0.793971,0,51,15
76500,0.0198888,0.0190863,0.00923013,-1350,7,-0.684236,-0.669699,-0.682573,0,51,36
77000,0.0174966,0.0205956,0.0129082,-1361,7,-0.542694,-0.554985,-0.52874,0,51,56
77500,0.0187577,0.0213587,0.0103051,-1372,7,-0.646356,-0.643645,-0.664159,0,52,16
78000,0.0161101,0.0219874,0.00853621,-1383,7,-0.501095,-0.493846,-0.488765,0,52,37
78500,0.0185995,0.0174478,0.0112353,-1390,7,-0.604039,-0.586143,-0.607483,0,52,57
79000,0.0176278,0.0228293,0.0105999,-1401,7,-0.489974,-0.511284,-0.496831,0,53,17
79500,0.0171413,0.0201638,0.0107434,-1407,7,-0.140529,-0.125714,-0.115283,0,53,38
80000,0.0194818,0.0181296,0.0106076,-1415,7,-0.554195,-0.552254,-0.547681,0,53,59
80500,0.0176066,0.019254,0.0117659,-1426,7,-0.561279,-0.548757,-0.558445,0,54,20
81000,0.0165048,0.0225313,0.0100129,-1437,7,-0.293074,-0.323789,-0.307036,0,54,41
81500,0.0225074,0.0179018,0.0101715,-1448,7,-0.295002,-0.289079,-0.286049,0,55,2
82000,0.0168891,0.0216832,0.0113116,-1459,7,-0.413079,-0.409432,-0.414115,0,55,22
82500,0.0175912,0.0196161,0.00731515,-1470,7,-1.11471,-1.20683,-1.09004,0,55,44
83000,0.0167439,0.0193739,0.0102974,-1480,7,-0.871207,-0.894217,-0.877511,0,56,5
83500,0.0179946,0.0187215,0.00896282,-1491,7,-0.671233,-0.663948,-0.657132,0,56,27
84000,0.0174089,0.0191181,0.0114214,-1502,7,-0.719961,-0.723519,-0.711736,0,56,47
84500,0.0185907,0.0188694,0.0138297,-1513,7,-0.620243,-0.632069,-0.611288,0,57,8
85000,0.0170887,0.0190605,0.0106496,-1524,7,-0.473891,-0.462713,-0.450106,0,57,29
85500,0.0186216,0.0187014,0.0113435,-1535,7,-0.318928,-0.302657,-0.30331,0,57,50
86000,0.0206023,0.0181396,0.00847892,-1546,7,-0.224648,-0.206196,-0.227228,0,58,11
86500,0.0177386,0.0196194,0.0110219,-1556,7,-1.08175,-1.09542,-1.09524,0,58,31
87000,0.0191157,0.0183151,0.00856384,-1567,7,-0.580838,-0.58371,-0.576501,0,58,51
87500,0.01855,0.0189942,0.0109643,-1578,7,-0.643306,-0.64517,-0.637462,0,59,12
88000,0.0164201,0.0196261,0.00887819,-1589,7,-0.417195,-0.415836,-0.430372,0,59,32
88500,0.0172861,0.0168678,0.0123235,-1600,7,-0.547494,-0.528388,-0.526867,0,59,53
89000,0.0173263,0.0219975,0.00828825,-1611,7,-0.120709,-0.137207,-0.121719,1,0,15
89500,0.0188216,0.0190647,0.0113241,-1622,7,-0.354097,-0.33678,-0.344883,1,0,35
90000,0.0172052,0.018926,0.00941811,-1633,7,-0.133246,-0.12671,-0.158082,1,0,57
90500,0.0171942,0.0204957,0.010366,-1643,7,-0.858602,-0.870633,-0.883634,1,1,17
91000,0.0184085,0.0177222,0.0112184,-1654,7,-0.870046,-0.868407,-0.850661,1,1,37
91500,0.018146,0.0195617,0.0109925,-1665,7,-0.653228,-0.656725,-0.656447,1,1,58
92000,0.0150518,0.0206269,0.0121749,-1676,7,-0.635876,-0.633329,-0.639517,1,2,18
92500,0.0172244,0.0191859,0.0080122,-1687,7,-0.283572,-0.298825,-0.308255,1,2,38
93000,0.0196199,0.018402,0.0101794,-1698,7,-0.401296,-0.398639,-0.377202,1,2,59
93500,0.0186315,0.0205244,0.00804378,-1709,7,-0.154062,-0.155891,-0.151519,1,3,20
94000,0.0182155,0.0194075,0.0095864,-1720,7,-1.20129,-1.2739,-1.19169,1,3,41
94500,0.0198961,0.0182782,0.0100013,-1730,7,-1.0373,-1.01792,-1.04705,1,4,2
95000,0.0180156,0.0190568,0.0105524,-1741,7,-0.650991,-0.654672,-0.647837,1,4,22
95500,0.0163471,0.0214802,0.0107521,-1752,7,-0.895374,-0.890905,-0.913451,1,4,42
96000,0.0184498,0.0193867,0.0105348,-1763,7,-0.33212,-0.32962,-0.324511,1,5,2
96500,0.0179267,0.0192504,0.0112744,-1774,7,-0.551795,-0.546788,-0.528067,1,5,23
97000,0.0183659,0.0193238,0.00891877,-1785,7,-0.428895,-0.430985,-0.427739,1,5,43
97500,0.0189117,0.018219,0.00956339,-1796,7,-0.310189,-0.295454,-0.296219,1,6,6
98000,0.0175461,0.0200331,0.00989483,-1806,7,-1.14416,-1.1628,-1.15586,1,6,26
98500,0.0196814,0.0188262,0.0112827,-1817,7,-0.788317,-0.794192,-0.788445,1,6,46
99000,0.016537,0.020419,0.0100973,-1828,7,-0.641734,-0.639395,-0.651489,1,7,8
99500,0.0184735,0.0174181,0.0114747,-1839,7,-0.992134,-0.983656,-0.982501,1,7,28
100000,0.0183278,0.0167796,0.0104412,-1850,7,-0.729122,-0.712412,-0.721426,1,7,51
100500,0.018429,0.0209468,0.0111237,-1861,7,-0.479646,-0.49747,-0.474552,1,8,11
101000,0.0203902,0.0197687,0.0102429,-1872,7,-0.446497,-0.435246,-0.449536,1,8,31
101500,0.0159523,0.0180318,0.00906213,-1883,7,-0.279924,-0.271112,-0.283922,1,8,52
102000,0.0185606,0.0175754,0.0113772,-1893,7,-0.995982,-1.03234,-1.00423,1,9,12
102500,0.0188325,0.0172294,0.00993559,-1904,7,-0.924014,-0.925387,-0.917061,1,9,32
103000,0.0194818,0.0181296,0.0106076,-1915,7,-0.56219,-0.559179,-0.560406,1,9,55
103500,0.0168967,0.0208457,0.0120389,-1926,7,-0.329636,-0.355312,-0.311888,1,10,15
104000,0.0185965,0.0215406,0.0105799,-1937,7,-0.220739,-0.251709,-0.218757,1,10,35
104500,0.0200479,0.0198435,0.00956986,-1948,7,-0.0387438,-0.0594919,-0.0526058,1,10,57
105000,0.0171545,0.0209509,0.0109898,-1959,7,-0.202312,-0.214122,-0.192581,1,11,18
105500,0.0175912,0.0196161,0.00731515,-1970,7,-1.15582,-1.20246,-1.14035,1,11,38
106000,0.0155084,0.0189736,0.00910084,-1980,7,-0.912367,-0.902982,-0.92087,1,11,59
106500,0.0181567,0.018772,0.00752018,-1991,7,-0.590131,-0.593781,-0.577536,1,12,19
107000,0.0162665,0.0208958,0.0131692,-2002,7,-0.573406,-0.593368,-0.562372,1,12,39
107500,0.019907,0.017743,0.012579,-2013,7,-0.623487,-0.629156,-0.615208,1,13,0
108000,0.0166209,0.0211331,0.0127278,-2024,7,-0.370237,-0.391543,-0.356962,1,13,20
108500,0.0170406,0.0183167,0.010548,-2035,7,-0.185042,-0.181091,-0.174049,1,13,40
109000,0.0206023,0.0181396,0.00847892,-2046,7,-0.2585,-0.244546,-0.240983,1,14,1
109500,0.0177386,0.0196194,0.0110219,-2056,7,-0.742646,-0.763547,-0.757941,1,14,21
110000,0.0191157,0.0183151,0.00856384,-2067,7,-0.747293,-0.752766,-0.7447,1,14,42
110500,0.018786,0.0186221,0.00972916,-2078,7,-0.894907,-0.896261,-0.893871,1,15,3
111000,0.0179742,0.0177896,0.0094422,-2089,7,-0.75082,-0.73754,-0.734539,1,15,23
111500,0.0171478,0.0165858,0.0113497,-2100,7,-0.447607,-0.430509,-0.420166,1,15,45
112000,0.0165077,0.0196012,0.00853458,-2111,7,-0.347315,-0.3442,-0.349104,1,16,6
112500,0.0177372,0.0197928,0.0100833,-2122,7,-0.0929831,-0.0956283,-0.106525,1,16,27
113000,0.0172052,0.018926,0.00941811,-2133,7,-0.241015,-0.241145,-0.241631,1,16,48
113500,0.0175739,0.0185545,0.00856812,-2143,7,-0.986823,-1.00681,-0.985318,1,17,9
114000,0.0186071,0.0170981,0.0106573,-2154,7,-0.988912,-0.97993,-0.989527,1,17,29
114500,0.0187207,0.0190101,0.00960712,-2165,7,-0.647753,-0.649155,-0.652067,1,17,49
115000,0.016848,0.0190237,0.0118039,-2176,7,-0.546801,-0.547119,-0.547824,1,18,9
115500,0.0188764,0.0197966,0.00894986,-2187,7,0.000941055,-0.0300169,0.000571384,1,18,30
116000,0.0206034,0.018502,0.0104602,-2198,7,-0.475768,-0.465575,-0.46533,1,18,50
116500,0.0181899,0.019568,0.00898808,-2209,7,-0.0686272,-0.066165,-0.0592134,1,19,13
117000,0.0182155,0.0194075,0.0095864,-2220,7,-1.26106,-1.29163,-1.24699,1,19,35
117500,0.0190327,0.0176967,0.00877537,-2230,7,-0.945924,-0.936907,-0.944283,1,19,55
118000,0.0181972,0.0187166,0.0101295,-2241,7,-0.638545,-0.654956,-0.634733,1,20,15
118500,0.0179883,0.0204145,0.0100361,-2252,7,-0.739421,-0.73754,-0.731156,1,20,36
119000,0.0186676,0.0178916,0.00931413,-2263,7,-0.735732,-0.733709,-0.731031,1,20,58
119500,0.0175075,0.0190088,0.0108579,-2274,7,-0.634987,-0.631416,-0.616082,1,21,18
120000,0.0161541,0.0210608,0.00851039,-2285,7,-0.141852,-0.165358,-0.162386,1,21,40
120500,0.0190359,0.0188584,0.00955237,-2296,7,-0.149243,-0.135274,-0.128057,1,22,0
121000,0.0175461,0.0200331,0.00989483,-2306,7,-1.05535,-1.06469,-1.07065,1,22,21
121500,0.0197385,0.01856,0.0109987,-2317,7,-0.735608,-0.735094,-0.722835,1,22,41
122000,0.0178733,0.0200942,0.010589,-2328,7,-1.01957,-1.02293,-1.00677,1,23,4
122500,0.0181216,0.0174851,0.0115583,-2339,7,-0.84178,-0.835426,-0.833175,1,23,23
123000,0.0172467,0.0186429,0.012985,-2350,7,-0.352998,-0.36442,-0.334048,1,23,43
123500,0.018429,0.0209468,0.0111237,-2361,7,-0.6072,-0.631264,-0.611085,1,24,4
124000,0.0199594,0.0196536,0.0102164,-2372,7,-0.337733,-0.333718,-0.329217,1,24,24
124500,0.0159523,0.0180318,0.00906213,-2383,7,-0.302829,-0.29702,-0.302471,1,24,44
125000,0.0185606,0.0175754,0.0113772,-2393,7,-0.851854,-0.881043,-0.857066,1,25,5
125500,0.0187328,0.0170076,0.00975996,-2404,7,-1.31474,-1.29913,-1.31104,1,25,26
126000,0.0196924,0.0179449,0.0107007,-2415,7,-0.876371,-0.878406,-0.875059,1,25,47
126500,0.0164425,0.021113,0.0130597,-2426,7,-0.540218,-0.55028,-0.527313,1,26,7
127000,0.0180411,0.020593,0.0105116,-2437,7,-0.382984,-0.41311,-0.385193,1,26,28
127500,0.0200479,0.0198435,0.00956986,-2448,7,-0.487541,-0.514323,-0.498482,1,26,48
128000,0.0158563,0.0210535,0.0100355,-2459,7,-0.334596,-0.341702,-0.347831,1,27,9
128500,0.0175912,0.0196161,0.00731515,-2470,7,-1.43051,-1.45286,-1.40735,1,27,29
129000,0.0174687,0.0169462,0.00929601,-2480,7,-1.05703,-1.06578,-1.05589,1,27,49
129500,0.0181567,0.018772,0.00752018,-2491,7,-0.948308,-0.952728,-0.93006,1,28,10
130000,0.017048,0.0194878,0.0122923,-2502,7,-0.97028,-0.969173,-0.95273,1,28,31
130500,0.019756,0.017294,0.0122372,-2513,7,-0.681253,-0.686881,-0.666817,1,28,52
131000,0.0166209,0.0211331,0.0127278,-2524,7,-0.745529,-0.767237,-0.726961,1,29,12
131500,0.0181952,0.0188527,0.0106266,-2535,7,-0.515059,-0.494526,-0.500282,1,29,32
132000,0.0206023,0.0181396,0.00847892,-2546,7,-0.0195354,0.00118335,0.0110536,1,29,55
132500,0.0177386,0.0196194,0.0110219,-2556,7,-1.02101,-1.02337,-1.03178,1,30,15
133000,0.0191157,0.0183151,0.00856384,-2567,7,-0.779563,-0.777918,-0.774393,1,30,35
133500,0.018786,0.0186221,0.00972916,-2578,7,-0.809466,-0.804992,-0.790861,1,30,56
134000,0.0179917,0.018441,0.0100871,-2589,7,-0.755447,-0.74496,-0.736037,1,31,16
134500,0.01784,0.016924,0.0121133,-2600,7,-0.764886,-0.7349,-0.746047,1,31,36
135000,0.0178181,0.0195404,0.0083031,-2611,7,-0.450613,-0.444711,-0.453328,1,31,59
135500,0.0176391,0.0195283,0.0111436,-2622,7,-0.484067,-0.478121,-0.491505,1,32,19
136000,0.0172052,0.018926,0.00941811,-2633,7,-0.103544,-0.102613,-0.104809,1,32,40
136500,0.0173225,0.019056,0.00927943,-2643,7,-1.2832,-1.30799,-1.29625,1,33,0
137000,0.0186071,0.0170981,0.0106573,-2654,7,-1.04598,-1.04455,-1.03342,1,33,20
137500,0.0182208,0.0198188,0.010543,-2665,7,-0.97168,-0.976376,-0.978389,1,33,42
138000,0.0166365,0.0188273,0.0113627,-2676,7,-0.807715,-0.814454,-0.805964,1,34,3
138500,0.0184021,0.0193111,0.00784063,-2687,7,-0.588674,-0.616653,-0.598164,1,34,25
139000,0.0186128,0.0194698,0.0102536,-2698,7,-0.351527,-0.385019,-0.365339,1,34,47
139500,0.0181899,0.019568,0.00898808,-2709,7,-0.461698,-0.450961,-0.452425,1,35,7
140000,0.0182155,0.0194075,0.0095864,-2720,7,-1.58324,-1.59746,-1.59162,1,35,28
140500,0.0190327,0.0176967,0.00877537,-2730,7,-1.21797,-1.21342,-1.22195,1,35,50
141000,0.0181972,0.0187166,0.0101295,-2741,7,-1.26529,-1.28033,-1.26656,1,36,11
141500,0.017807,0.020924,0.0104556,-2752,7,-1.10401,-1.09973,-1.09893,1,36,31
142000,0.0185818,0.0178037,0.00948837,-2763,7,-1.10662,-1.11363,-1.10648,1,36,52
142500,0.0179267,0.0192504,0.0112744,-2774,7,-0.751069,-0.75459,-0.735766,1,37,12
143000,0.016361,0.0201937,0.00858553,-2785,7,-0.601481,-0.602064,-0.619743,1,37,32
143500,0.0190359,0.0188584,0.00955237,-2796,7,-0.495437,-0.490155,-0.485936,1,37,53
144000,0.0175461,0.0200331,0.00989483,-2806,7,-1.474,-1.46733,-1.47877,1,38,15
144500,0.0197385,0.01856,0.0109987,-2817,7,-1.25292,-1.25517,-1.25031,1,38,37
145000,0.0187715,0.0187302,0.00909112,-2828,7,-1.34534,-1.34275,-1.342,1,38,57
145500,0.0181216,0.0174851,0.0115583,-2839,7,-1.39129,-1.38642,-1.39253,1,39,17
146000,0.0179742,0.0165464,0.0104037,-2850,7,-1.03997,-1.02839,-1.04072,1,39,38
146500,0.0175929,0.0211854,0.0119802,-2861,7,-0.884117,-0.899585,-0.892585,1,39,59
147000,0.0203902,0.0197687,0.0102429,-2872,7,-0.64167,-0.621464,-0.659826,1,40,19
147500,0.0159523,0.0180318,0.00906213,-2883,7,-0.704683,-0.702984,-0.70958,1,40,39
148000,0.0185606,0.0175754,0.0113772,-2893,7,-1.60318,-1.61841,-1.61198,1,40,59
148500,0.0188325,0.0172294,0.00993559,-2904,7,-1.28717,-1.29146,-1.28568,1,41,20
149000,0.0194818,0.0181296,0.0106076,-2915,7,-1.28371,-1.28595,-1.28487,1,41,40
149500,0.0165782,0.0205105,0.0128831,-2926,7,-1.06058,-1.0771,-1.05566,1,42,1
150000,0.0186037,0.0191321,0.0103481,-2937,7,-0.813265,-0.840961,-0.822502,1,42,24
150500,0.021692,0.0169853,0.0103328,-2948,7,-0.514642,-0.514104,-0.499237,1,42,44
151000,0.0158563,0.0210535,0.0100355,-2959,7,-0.560237,-0.566354,-0.575992,1,43,5
151500,0.0175912,0.0196161,0.00731515,-2970,7,-1.55221,-1.54615,-1.52307,1,43,25
152000,0.0172859,0.0172383,0.0098952,-2980,7,-1.43244,-1.4339,-1.43153,1,43,46
152500,0.0181567,0.018772,0.00752018,-2991,7,-1.25412,-1.26434,-1.24721,1,44,6
153000,0.0174089,0.0191181,0.0114214,-3002,7,-1.09692,-1.09681,-1.07396,1,44,27
153500,0.0198111,0.0172531,0.0119776,-3013,7,-1.15561,-1.15602,-1.14962,1,44,47
154000,0.0167533,0.0219359,0.0108486,-3024,7,-1.02774,-1.04595,-1.03208,1,45,7
154500,0.0153628,0.0199051,0.00924288,-3035,7,-0.7819,-0.778571,-0.795879,1,45,28
155000,0.0205738,0.0182729,0.00865922,-3046,7,-0.551503,-0.528081,-0.531866,1,45,50
155500,0.0177386,0.0196194,0.0110219,-3056,7,-1.4046,-1.4146,-1.41943,1,46,10
156000,0.0191157,0.0183151,0.00856384,-3067,7,-1.37916,-1.37613,-1.3696,1,46,33
156500,0.018786,0.0186221,0.00972916,-3078,7,-1.11641,-1.11883,-1.10745,1,46,53
157000,0.0179742,0.0177896,0.0094422,-3089,7,-1.2388,-1.22896,-1.25003,1,47,13
157500,0.0162462,0.0176027,0.0125588,-3100,7,-1.11703,-1.12568,-1.10139,1,47,34
158000,0.0181198,0.0209695,0.00862618,-3111,7,-0.720702,-0.739204,-0.729617,1,47,56
158500,0.0174164,0.0204964,0.00855228,-3122,7,-0.886358,-0.887182,-0.909858,1,48,16
159000,0.0167126,0.0198556,0.0109981,-3133,7,-0.862684,-0.883149,-0.874136,1,48,36
159500,0.0175739,0.0185545,0.00856812,-3143,7,-1.54726,-1.55787,-1.54645,1,48,56
160000,0.0186071,0.0170981,0.0106573,-3154,7,-1.45839,-1.45875,-1.45467,1,49,18
160500,0.0187207,0.0190101,0.00960712,-3165,7,-1.06141,-1.06068,-1.07183,1,49,38
161000,0.0170146,0.0185303,0.0111214,-3176,7,-1.25626,-1.26309,-1.25771,1,49,58
161500,0.0169883,0.0210482,0.00723841,-3187,7,-0.934259,-0.977925,-0.967556,1,50,19
162000,0.0175787,0.0195573,0.00961999,-3198,7,-0.783802,-0.798542,-0.801328,1,50,39
162500,0.0174834,0.0197913,0.00844659,-3209,7,-0.808664,-0.810432,-0.81051,1,50,59
163000,0.0181487,0.0191348,0.00954993,-3220,7,-1.80395,-1.8112,-1.80651,1,51,21
163500,0.0190327,0.0176967,0.00877537,-3230,7,-1.51774,-1.51675,-1.52607,1,51,42
164000,0.0181972,0.0187166,0.0101295,-3241,7,-1.58457,-1.59232,-1.59109,1,52,3
164500,0.0186654,0.020406,0.0109787,-3252,7,-0.922903,-0.911073,-0.911726,1,52,26
165000,0.0183961,0.018599,0.0112054,-3263,7,-1.18497,-1.19048,-1.1824,1,52,46
165500,0.0168831,0.0216158,0.0119817,-3274,7,-0.827079,-0.847216,-0.820564,1,53,6
166000,0.0161541,0.0210608,0.00851039,-3285,7,-0.771099,-0.783316,-0.788343,1,53,27
166500,0.0190359,0.0188584,0.00955237,-3296,7,-0.632644,-0.626903,-0.62816,1,53,47
167000,0.0175461,0.0200331,0.00989483,-3306,7,-1.61103,-1.61838,-1.63031,1,54,8
167500,0.0197385,0.01856,0.0109987,-3317,7,-1.53273,-1.53192,-1.53948,1,54,28
168000,0.0183086,0.018868,0.00943547,-3328,7,-1.18693,-1.18585,-1.18245,1,54,48
168500,0.0181216,0.0174851,0.0115583,-3339,7,-1.28191,-1.28073,-1.27513,1,55,9
169000,0.0175126,0.0185466,0.0114884,-3350,7,-1.07009,-1.07153,-1.06425,1,55,30
169500,0.018429,0.0209468,0.0111237,-3361,7,-1.02881,-1.04948,-1.03828,1,55,57
170000,0.0203902,0.0197687,0.0102429,-3372,7,-0.555486,-0.53473,-0.558538,1,56,25
170500,0.0159523,0.0180318,0.00906213,-3383,7,-0.767077,-0.771726,-0.774526,1,56,47
171000,0.0185606,0.0175754,0.0113772,-3393,7,-1.62524,-1.64217,-1.63451,1,57,10
171500,0.0188325,0.0172294,0.00993559,-3404,7,-1.35731,-1.35892,-1.35563,1,57,32
172000,0.0194818,0.0181296,0.0106076,-3415,7,-1.34418,-1.34807,-1.35063,1,57,55
172500,0.0164425,0.021113,0.0130597,-3426,7,-1.28762,-1.29702,-1.29555,1,58,18
173000,0.0180411,0.020593,0.0105116,-3437,7,-0.988797,-1.01482,-0.997741,1,58,42
173500,0.021692,0.0169853,0.0103328,-3448,7,-0.726133,-0.73111,-0.722046,1,59,4
174000,0.0167225,0.02106,0.0107195,-3459,7,-0.735913,-0.751205,-0.733358,1,59,26
174500,0.0175912,0.0196161,0.00731515,-3470,7,-1.70252,-1.70198,-1.67694,1,59,47
175000,0.0175303,0.016704,0.00903161,-3480,7,-1.65675,-1.65672,-1.65159,2,0,11
175500,0.0181567,0.018772,0.00752018,-3491,7,-1.52582,-1.52926,-1.51307,2,0,35
176000,0.0174089,0.0191181,0.0114214,-3502,7,-1.21969,-1.22033,-1.21325,2,0,57
176500,0.0176366,0.0168121,0.00854194,-3509,7,-0.681461,-0.669659,-0.678408,2,1,21
177000,0.018255,0.0180924,0.00927377,-3520,7,-1.30696,-1.30801,-1.29335,2,1,43
177500,0.0182909,0.0177923,0.00900466,-3531,7,-1.32628,-1.32296,-1.32663,2,2,6
178000,0.0147598,0.020555,0.0105495,-3542,7,-1.13667,-1.13916,-1.12929,2,2,30
178500,0.0167418,0.0216816,0.0119257,-3553,7,-0.82499,-0.853726,-0.8355,2,2,53
179000,0.0162877,0.0185784,0.00955704,-3564,7,-0.759393,-0.760366,-0.764808,2,3,16
179500,0.0176166,0.0207824,0.0103153,-3575,7,-0.831498,-0.846479,-0.842849,2,3,38
180000,0.0194757,0.018693,0.0101019,-3585,7,-1.66777,-1.66321,-1.68334,2,4,4
180500,0.0188534,0.0190694,0.0102469,-3596,7,-1.24562,-1.24669,-1.23844,2,4,26
181000,0.0177295,0.0184413,0.00818047,-3607,7,-1.44905,-1.45042,-1.44159,2,4,47
181500,0.0172206,0.0180043,0.0104586,-3618,7,-0.933093,-0.939427,-0.934418,2,5,10
182000,0.0162064,0.0204812,0.0084888,-3629,7,-1.01231,-1.02094,-1.00374,2,5,33
182500,0.017704,0.0194725,0.0109563,-3640,7,-0.703053,-0.707384,-0.690882,2,5,57
183000,0.0185762,0.0178867,0.00696652,-3651,7,-0.699111,-0.694203,-0.688574,2,6,19
183500,0.0182309,0.0186769,0.00965599,-3662,7,-0.697084,-0.687941,-0.713218,2,6,40
184000,0.0172992,0.0208324,0.00984351,-3672,7,-0.861841,-0.852235,-0.871202,2,7,5
184500,0.018484,0.0195531,0.00744346,-3683,7,-1.41552,-1.42329,-1.4139,2,7,29
185000,0.0177797,0.0179178,0.00951865,-3694,7,-1.30446,-1.30886,-1.28709,2,7,52
185500,0.0179385,0.0208822,0.0127025,-3705,7,-1.11949,-1.12578,-1.13314,2,8,16
186000,0.0169234,0.0190182,0.0124897,-3716,7,-0.899493,-0.900739,-0.891415,2,8,37
186500,0.016988,0.0216971,0.00773531,-3727,7,-0.837003,-0.852139,-0.83004,2,9,1
187000,0.0179194,0.0192394,0.0103326,-3738,7,-0.855978,-0.860279,-0.846855,2,9,25
187500,0.0174559,0.0203461,0.00937142,-3748,7,-1.65354,-1.67314,-1.65908,2,9,47
188000,0.0188474,0.0186723,0.0100849,-3759,7,-1.44064,-1.43792,-1.45892,2,10,10
188500,0.0199501,0.0180834,0.00830969,-3770,7,-1.4714,-1.47153,-1.46637,2,10,33
189000,0.0182052,0.0177802,0.0114934,-3781,7,-1.21523,-1.22004,-1.21062,2,10,56
189500,0.0163665,0.0198582,0.0116896,-3792,7,-0.73911,-0.725974,-0.746294,2,11,19
190000,0.0178861,0.02209,0.00887091,-3803,7,-0.898693,-0.897371,-0.901732,2,11,42
190500,0.0163245,0.0187288,0.0103197,-3814,7,-1.07364,-1.07001,-1.08328,2,12,5
191000,0.0181281,0.0209125,0.00871956,-3825,7,-0.86794,-0.86573,-0.876985,2,12,29
191500,0.0194011,0.0177737,0.011376,-3835,7,-1.41722,-1.42559,-1.41981,2,12,52
192000,0.0190423,0.0191751,0.0089857,-3846,7,-1.14706,-1.14963,-1.13308,2,13,15
192500,0.0179639,0.0184517,0.0109985,-3857,7,-1.41467,-1.41141,-1.41266,2,13,37
193000,0.017861,0.0182931,0.00962266,-3868,7,-0.982833,-0.991992,-0.978019,2,13,58
193500,0.0172161,0.0206816,0.00999354,-3879,7,-0.976392,-0.993045,-0.976479,2,14,21
194000,0.0194706,0.0200561,0.00968651,-3890,7,-1.1637,-1.16137,-1.15063,2,14,45
194500,0.0153574,0.0211852,0.00893728,-3901,7,-0.872521,-0.851164,-0.884432,2,15,6
195000,0.0180815,0.0187144,0.00759646,-3912,7,-0.715708,-0.658724,-0.695635,2,15,29
195500,0.0170873,0.0183269,0.00997469,-3922,7,-1.3144,-1.31629,-1.30377,2,15,50
196000,0.0190134,0.0184191,0.0104667,-3933,7,-1.51529,-1.52506,-1.51543,2,16,14
196500,0.017944,0.0181035,0.00892358,-3944,7,-0.978942,-0.978903,-0.963979,2,16,37
197000,0.0181145,0.0194159,0.0129066,-3955,7,-1.07225,-1.06986,-1.07266,2,17,1
197500,0.0172705,0.0233662,0.010924,-3966,7,-1.0503,-1.07265,-1.04797,2,17,25
198000,0.0153545,0.0221938,0.0111345,-3977,7,-0.910442,-0.908267,-0.905736,2,17,48
198500,0.019531,0.0190321,0.00988215,-3988,7,-0.524761,-0.530989,-0.513287,2,18,10
199000,0.0170511,0.0199856,0.010392,-3998,7,-1.58752,-1.62535,-1.58716,2,18,31
199500,0.0183423,0.0193077,0.00855321,-4009,7,-1.45317,-1.45568,-1.46119,2,18,54
200000,0.0178579,0.0175813,0.00909689,-4020,7,-1.55114,-1.54541,-1.53087,2,19,17
200500,0.0182909,0.0177923,0.00900466,-4031,7,-1.04913,-1.04077,-1.03865,2,19,40
201000,0.0157505,0.0174729,0.0118657,-4042,7,-1.05591,-1.05374,-1.04676,2,20,1
201500,0.0170251,0.0221551,0.0127896,-4053,7,-0.864082,-0.877251,-0.860977,2,20,22
202000,0.0176305,0.01775,0.0104865,-4064,7,-0.770712,-0.779222,-0.762257,2,20,46
202500,0.0176166,0.0207824,0.0103153,-4075,7,-0.916032,-0.920998,-0.919797,2,21,7
203000,0.0190304,0.0188867,0.0103847,-4085,7,-1.3851,-1.38411,-1.38375,2,21,30
203500,0.0189639,0.0188657,0.00972604,-4096,7,-1.31946,-1.31944,-1.31183,2,21,53
204000,0.0177295,0.0184413,0.00818047,-4107,7,-0.836239,-0.829758,-0.813728,2,22,19
204500,0.0172401,0.0183362,0.0110347,-4118,7,-0.862658,-0.871268,-0.860379,2,22,42
205000,0.0157062,0.0216334,0.0103587,-4129,7,-0.925913,-0.917995,-0.909983,2,23,5
205500,0.0178433,0.020017,0.0107057,-4140,7,-0.745911,-0.74499,-0.739474,2,23,27
206000,0.0185715,0.0188161,0.00735868,-4151,7,-0.553932,-0.548585,-0.545596,2,23,51
206500,0.0184988,0.0192082,0.0100709,-4162,7,-0.587691,-0.57358,-0.594,2,24,13
207000,0.017804,0.020333,0.00941358,-4172,7,-1.33905,-1.32487,-1.35759,2,24,36
207500,0.018484,0.0195531,0.00744346,-4183,7,-1.20066,-1.21054,-1.19118,2,24,59
208000,0.0177797,0.0179178,0.00951865,-4194,7,-1.15784,-1.15567,-1.1452,2,25,23
208500,0.0185399,0.0184324,0.00970212,-4205,7,-1.23096,-1.23312,-1.23771,2,25,46
209000,0.0169234,0.0190182,0.0124897,-4216,7,-0.829589,-0.833737,-0.818628,2,26,9
209500,0.0165739,0.0212292,0.0070101,-4227,7,-0.69969,-0.710368,-0.691732,2,26,32
210000,0.0179194,0.0192394,0.0103326,-4238,7,-0.76083,-0.76153,-0.75226,2,26,55
210500,0.0174559,0.0203461,0.00937142,-4248,7,-1.38652,-1.41294,-1.36821,2,27,16
211000,0.0190002,0.0187503,0.0102371,-4259,7,-1.55198,-1.55474,-1.57293,2,27,39
211500,0.0199501,0.0180834,0.00830969,-4270,7,-1.1583,-1.15972,-1.14549,2,28,1
212000,0.0182052,0.0177802,0.0114934,-4281,7,-1.28281,-1.28872,-1.28538,2,28,25
212500,0.0162106,0.0198578,0.0114022,-4292,7,-0.886421,-0.878288,-0.892259,2,28,49
213000,0.0168315,0.0227531,0.0084872,-4303,7,-1.11325,-1.11567,-1.12121,2,29,12
213500,0.0176304,0.0176406,0.0119198,-4314,7,-0.740153,-0.735362,-0.737592,2,29,36
214000,0.0184305,0.0215671,0.00910313,-4325,7,-0.847767,-0.855172,-0.858487,2,30,0
214500,0.0194011,0.0177737,0.011376,-4335,7,-1.16202,-1.16196,-1.16078,2,30,23
215000,0.0191543,0.018935,0.00866173,-4346,7,-1.42837,-1.42342,-1.41831,2,30,48
215500,0.0179639,0.0184517,0.0109985,-4357,7,-1.25551,-1.24828,-1.24917,2,31,9
216000,0.0180452,0.0180654,0.00929673,-4368,7,-1.00597,-1.01067,-1.01115,2,31,32
216500,0.0173482,0.0204639,0.00965222,-4379,7,-1.02617,-1.03668,-1.01914,2,31,54
217000,0.0192392,0.0210217,0.00994782,-4390,7,-0.733939,-0.739718,-0.719439,2,32,17
217500,0.0153471,0.0209929,0.00883325,-4401,7,-0.839857,-0.837609,-0.847492,2,32,40
218000,0.017889,0.0193578,0.00776179,-4412,7,-0.604497,-0.549341,-0.57792,2,33,2
218500,0.0170873,0.0183269,0.00997469,-4422,7,-1.49642,-1.49141,-1.48274,2,33,26
219000,0.0190134,0.0184191,0.0104667,-4433,7,-1.09028,-1.09893,-1.0863,2,33,49
219500,0.0179286,0.0186457,0.00954701,-4444,7,-0.966353,-0.970969,-0.961089,2,34,11
220000,0.0176576,0.0205437,0.0135727,-4455,7,-1.15449,-1.1517,-1.16821,2,34,35
220500,0.0173536,0.0217206,0.0122451,-4466,7,-0.94367,-0.954826,-0.936491,2,34,57
221000,0.015474,0.0223321,0.0109513,-4477,7,-0.769077,-0.774639,-0.760708,2,35,21
221500,0.0191835,0.0185828,0.00956256,-4488,7,-0.667109,-0.673986,-0.667402,2,35,44
222000,0.0170511,0.0199856,0.010392,-4498,7,-1.75059,-1.79823,-1.73306,2,36,8
222500,0.018743,0.0187944,0.00799615,-4509,7,-1.20837,-1.21001,-1.20619,2,36,31
223000,0.0184522,0.0174727,0.00867008,-4520,7,-1.28482,-1.28515,-1.27067,2,36,56
223500,0.0176892,0.0182436,0.00910393,-4531,7,-0.861068,-0.864405,-0.858999,2,37,20
224000,0.0153373,0.0199152,0.0112724,-4542,7,-0.917275,-0.9147,-0.917958,2,37,44
224500,0.0168512,0.022341,0.0120864,-4553,7,-0.996799,-1.00393,-0.999774,2,38,8
225000,0.0162877,0.0185784,0.00955704,-4564,7,-0.647347,-0.654019,-0.645113,2,38,32
225500,0.0169672,0.0201373,0.00986128,-4575,7,-1.04663,-1.04008,-1.05168,2,38,56
226000,0.0190304,0.0188867,0.0103847,-4585,7,-1.27321,-1.26807,-1.26753,2,39,18
226500,0.0189639,0.0188657,0.00972604,-4596,7,-1.27017,-1.27118,-1.25531,2,39,40
227000,0.0177295,0.0184413,0.00818047,-4607,7,-1.06518,-1.06801,-1.05527,2,40,1
227500,0.0172206,0.0180043,0.0104586,-4618,7,-1.00982,-1.0123,-1.0052,2,40,23
228000,0.0162064,0.0204812,0.0084888,-4629,7,-0.761159,-0.767109,-0.744334,2,40,47
228500,0.0176636,0.0199246,0.00994095,-4640,7,-0.726268,-0.723776,-0.705708,2,41,11
229000,0.0185715,0.0188161,0.00735868,-4651,7,-0.513457,-0.505161,-0.512285,2,41,34
229500,0.0184988,0.0192082,0.0100709,-4662,7,-0.477444,-0.462204,-0.488046,2,41,56
230000,0.0178727,0.0200497,0.00853675,-4672,7,-1.08963,-1.06963,-1.08804,2,42,22
230500,0.018484,0.0195531,0.00744346,-4683,7,-1.26749,-1.2786,-1.2661,2,42,46
231000,0.0177797,0.0179178,0.00951865,-4694,7,-0.99052,-0.99098,-0.974067,2,43,9
231500,0.0185399,0.0184324,0.00970212,-4705,7,-1.1078,-1.1098,-1.1088,2,43,31
232000,0.0169558,0.0203156,0.0128692,-4716,7,-0.919148,-0.929621,-0.914764,2,43,55
232500,0.0167964,0.0197953,0.00803492,-4727,7,-0.594755,-0.600985,-0.589641,2,44,18
233000,0.0179194,0.0192394,0.0103326,-4738,7,-0.524656,-0.527051,-0.5177,2,44,41
233500,0.0174559,0.0203461,0.00937142,-4748,7,-1.44817,-1.48392,-1.42985,2,45,3
234000,0.0190002,0.0187503,0.0102371,-4759,7,-1.31291,-1.31391,-1.31915,2,45,24
234500,0.0199501,0.0180834,0.00830969,-4770,7,-1.23681,-1.23873,-1.21907,2,45,45
235000,0.0182052,0.0177802,0.0114934,-4781,7,-1.31942,-1.32004,-1.31155,2,46,10
235500,0.0175123,0.0198571,0.011773,-4792,7,-0.608242,-0.59658,-0.609514,2,46,33
236000,0.0175336,0.020799,0.0094539,-4803,7,-1.13185,-1.12919,-1.1412,2,46,56
236500,0.0162554,0.0184413,0.0115081,-4814,7,-0.663819,-0.660695,-0.652316,2,47,18
237000,0.0184305,0.0215671,0.00910313,-4825,7,-0.429508,-0.433266,-0.42638,2,47,40
237500,0.0194011,0.0177737,0.011376,-4835,7,-1.43563,-1.43304,-1.43153,2,48,3
238000,0.0190423,0.0191751,0.0089857,-4846,7,-1.33088,-1.33724,-1.32546,2,48,25
238500,0.0179639,0.0184517,0.0109985,-4857,7,-1.20175,-1.20489,-1.1971,2,48,47
239000,0.0169506,0.0205389,0.0120589,-4868,7,-0.713434,-0.722921,-0.708715,2,49,10
239500,0.0172161,0.0206816,0.00999354,-4879,7,-1.21132,-1.22361,-1.21313,2,49,33
240000,0.0194858,0.0195638,0.00972457,-4890,7,-0.563386,-0.55733,-0.543786,2,49,58
240500,0.0151627,0.0214398,0.00950639,-4901,7,-0.915459,-0.91699,-0.921968,2,50,22
241000,0.017889,0.0193578,0.00776179,-4912,7,-0.193982,-0.129541,-0.154893,2,50,46
241500,0.0172613,0.0184276,0.0100328,-4922,7,-1.52125,-1.52019,-1.51067,2,51,9
242000,0.0190134,0.0184191,0.0104667,-4933,7,-1.33736,-1.3473,-1.33264,2,51,32
242500,0.0178835,0.0179333,0.0087582,-4944,7,-1.38096,-1.37197,-1.37803,2,51,54
243000,0.0184201,0.0181875,0.0115758,-4955,7,-1.20707,-1.20696,-1.20607,2,52,17
243500,0.0182868,0.0203631,0.0098768,-4966,7,-0.732173,-0.738031,-0.71671,2,52,40
244000,0.0158865,0.0227853,0.0101671,-4977,7,-0.955772,-0.95726,-0.951506,2,53,3
244500,0.0191835,0.0185828,0.00956256,-4988,7,-0.59115,-0.592012,-0.591303,2,53,26
245000,0.0170511,0.0199856,0.010392,-4998,7,-1.49283,-1.55527,-1.47582,2,53,49
245500,0.0183875,0.0186556,0.00818465,-5009,7,-1.19148,-1.19108,-1.19531,2,54,13
246000,0.0170198,0.0202967,0.00941998,-5020,7,-1.14135,-1.15674,-1.14877,2,54,34
246500,0.0182909,0.0177923,0.00900466,-5031,7,-0.956412,-0.961491,-0.957281,2,54,56
247000,0.0155199,0.0175563,0.0126856,-5042,7,-1.15066,-1.14624,-1.15994,2,55,18
247500,0.0174403,0.022124,0.0118979,-5053,7,-0.717649,-0.726602,-0.734565,2,55,44
248000,0.0163085,0.0182951,0.0105014,-5064,7,-0.500974,-0.500047,-0.49407,2,56,6
248500,0.0176166,0.0207824,0.0103153,-5075,7,-0.711602,-0.708379,-0.714578,2,56,30
249000,0.0190304,0.0188867,0.0103847,-5085,7,-1.33407,-1.33833,-1.34273,2,56,53
249500,0.0189639,0.0188657,0.00972604,-5096,7,-1.15428,-1.15377,-1.1353,2,57,17
250000,0.0177295,0.0184413,0.00818047,-5107,7,-1.2582,-1.26239,-1.25909,2,57,42
250500,0.0172206,0.0180043,0.0104586,-5118,7,-0.913551,-0.91415,-0.905008,2,58,5
251000,0.0164154,0.0201423,0.00837902,-5129,7,-0.792773,-0.793573,-0.78384,2,58,28
251500,0.017704,0.0194725,0.0109563,-5140,7,-0.846819,-0.838088,-0.827772,2,58,52
252000,0.0166827,0.019033,0.00836444,-5151,7,-0.595616,-0.593234,-0.592864,2,59,15
252500,0.0184988,0.0192082,0.0100709,-5162,7,-0.658991,-0.651786,-0.673271,2,59,38
253000,0.0178727,0.0200497,0.00853675,-5172,7,-0.852547,-0.838622,-0.846953,2,59,59
253500,0.018484,0.0195531,0.00744346,-5183,7,-1.1626,-1.17077,-1.16471,3,0,23
254000,0.0169267,0.019814,0.0112798,-5194,7,-1.07112,-1.07303,-1.06361,3,0,47
254500,0.0185399,0.0184324,0.00970212,-5205,7,-0.963107,-0.965904,-0.963801,3,1,10
255000,0.0179873,0.0220443,0.0113614,-5216,7,-0.880146,-0.891973,-0.876487,3,1,32
255500,0.0179271,0.0217912,0.00848834,-5227,7,-0.607552,-0.606381,-0.604243,3,1,56
256000,0.0179194,0.0192394,0.0103326,-5238,7,-0.578702,-0.577642,-0.56916,3,2,18
256500,0.0174559,0.0203461,0.00937142,-5248,7,-1.40717,-1.46163,-1.3872,3,2,43
257000,0.0190002,0.0187503,0.0102371,-5259,7,-1.5006,-1.49949,-1.50626,3,3,5
257500,0.0199501,0.0180834,0.00830969,-5270,7,-0.998472,-0.99673,-0.982467,3,3,30
258000,0.0182052,0.0177802,0.0114934,-5281,7,-1.23146,-1.23582,-1.23307,3,3,51
258500,0.016968,0.0204292,0.0114943,-5292,7,-0.431046,-0.430902,-0.427887,3,4,14
259000,0.0175336,0.020799,0.0094539,-5303,7,-1.1899,-1.18889,-1.20037,3,4,38
259500,0.0182108,0.0179918,0.0117896,-5314,7,-0.761149,-0.753546,-0.752454,3,5,1
260000,0.0184305,0.0215671,0.00910313,-5325,7,-0.663508,-0.661708,-0.677021,3,5,27
260500,0.0194011,0.0177737,0.011376,-5335,7,-1.48046,-1.482,-1.48136,3,5,50
261000,0.0190423,0.0191751,0.0089857,-5346,7,-0.993279,-0.99177,-0.976223,3,6,16
261500,0.0179639,0.0184517,0.0109985,-5357,7,-1.13668,-1.14021,-1.13103,3,6,38
262000,0.0169658,0.0204148,0.0121389,-5368,7,-1.03698,-1.04169,-1.04169,3,7,2
262500,0.0170159,0.0206179,0.00964424,-5379,7,-0.992497,-0.998242,-0.989701,3,7,25
263000,0.0215574,0.0193375,0.00984645,-5390,7,-0.667391,-0.660119,-0.648602,3,7,48
263500,0.016716,0.0202373,0.00959976,-5401,7,-1.13675,-1.14344,-1.14603,3,8,11
264000,0.017889,0.0193578,0.00776179,-5412,7,-0.396015,-0.338382,-0.355344,3,8,36
264500,0.0172613,0.0184276,0.0100328,-5422,7,-1.39142,-1.38912,-1.37354,3,8,59
265000,0.0190134,0.0184191,0.0104667,-5433,7,-1.1594,-1.16945,-1.16008,3,9,20
265500,0.017944,0.0181035,0.00892358,-5444,7,-0.959284,-0.957926,-0.94526,3,9,43
266000,0.0187183,0.0188732,0.0122558,-5455,7,-1.16389,-1.16649,-1.15798,3,10,7
266500,0.0182868,0.0203631,0.0098768,-5466,7,-0.619884,-0.626521,-0.604275,3,10,30
267000,0.015433,0.0232185,0.0104335,-5477,7,-0.993844,-0.99754,-0.992432,3,10,54
267500,0.0191835,0.0185828,0.00956256,-5488,7,-0.54491,-0.548322,-0.534142,3,11,17
268000,0.0170511,0.0199856,0.010392,-5498,7,-1.45871,-1.51891,-1.43767,3,11,39
268500,0.018743,0.0187944,0.00799615,-5509,7,-1.15588,-1.15269,-1.15498,3,12,2
269000,0.0184522,0.0174727,0.00867008,-5520,7,-1.07849,-1.07824,-1.06389,3,12,25
269500,0.0176892,0.0182436,0.00910393,-5531,7,-0.940382,-0.944933,-0.936414,3,12,48
270000,0.0147187,0.0179667,0.0130825,-5542,7,-1.01124,-1.00671,-1.00929,3,13,14
270500,0.0169891,0.0209835,0.0120665,-5553,7,-1.12375,-1.1239,-1.12191,3,13,38
271000,0.0162877,0.0185784,0.00955704,-5564,7,-0.40393,-0.409088,-0.400392,3,14,1
271500,0.0176166,0.0207824,0.0103153,-5575,7,-0.696525,-0.692191,-0.696471,3,14,24
272000,0.0190304,0.0188867,0.0103847,-5585,7,-1.33763,-1.3409,-1.34049,3,14,48
272500,0.0189639,0.0188657,0.00972604,-5596,7,-1.32557,-1.32549,-1.31121,3,15,12
273000,0.0177295,0.0184413,0.00818047,-5607,7,-1.07549,-1.07625,-1.06907,3,15,33
273500,0.0172206,0.0180043,0.0104586,-5618,7,-0.88292,-0.883295,-0.882473,3,15,56
274000,0.0162189,0.0221843,0.00987079,-5629,7,-1.01522,-1.03078,-1.00934,3,16,17
274500,0.0174685,0.0201718,0.0101093,-5640,7,-0.791813,-0.78001,-0.782382,3,16,40
275000,0.0180996,0.0185611,0.00730655,-5651,7,-0.744179,-0.745153,-0.75379,3,17,5
275500,0.0184988,0.0192082,0.0100709,-5662,7,-0.529121,-0.514464,-0.539451,3,17,26
276000,0.0174788,0.0202472,0.00900508,-5672,7,-1.16125,-1.14864,-1.16051,3,17,50
276500,0.018484,0.0195531,0.00744346,-5683,7,-1.30911,-1.3175,-1.31906,3,18,14
277000,0.0169267,0.019814,0.0112798,-5694,7,-1.04672,-1.05226,-1.0382,3,18,37
277500,0.0182653,0.0186755,0.0100912,-5705,7,-1.09682,-1.09944,-1.10006,3,19,1
278000,0.0169234,0.0190182,0.0124897,-5716,7,-0.882643,-0.894062,-0.87778,3,19,24
278500,0.0174342,0.0221987,0.00758892,-5727,7,-0.851271,-0.856817,-0.849523,3,19,48
279000,0.0179194,0.0192394,0.0103326,-5738,7,-0.502217,-0.506705,-0.485577,3,20,11
279500,0.0174559,0.0203461,0.00937142,-5748,7,-1.42928,-1.48613,-1.39865,3,20,34
280000,0.0190002,0.0187503,0.0102371,-5759,7,-1.52407,-1.52004,-1.52467,3,20,58
280500,0.0199501,0.0180834,0.00830969,-5770,7,-1.10901,-1.11632,-1.10142,3,21,21
281000,0.0182052,0.0177802,0.0114934,-5781,7,-1.42601,-1.42822,-1.43272,3,21,43
281500,0.0167416,0.0195331,0.011091,-5792,7,-0.56948,-0.573514,-0.584399,3,22,7
282000,0.0178861,0.02209,0.00887091,-5803,7,-0.844397,-0.849212,-0.84979,3,22,28
282500,0.0165291,0.0187053,0.0107441,-5814,7,-0.660663,-0.663806,-0.657096,3,22,51
283000,0.0184305,0.0215671,0.00910313,-5825,7,-0.742907,-0.73171,-0.745433,3,23,17
283500,0.0194011,0.0177737,0.011376,-5835,7,-1.41288,-1.41258,-1.41381,3,23,40
284000,0.0190423,0.0191751,0.0089857,-5846,7,-1.15265,-1.15317,-1.13828,3,24,4
284500,0.01815,0.0178269,0.0110324,-5857,7,-1.26766,-1.26341,-1.26341,3,24,28
285000,0.0167792,0.0211319,0.0121945,-5868,7,-0.863294,-0.870445,-0.856566,3,24,52
285500,0.0172161,0.0206816,0.00999354,-5879,7,-0.976632,-0.985425,-0.978228,3,25,14
286000,0.0191139,0.0210238,0.00994515,-5890,7,-0.585757,-0.588657,-0.582104,3,25,38
286500,0.0153574,0.0211852,0.00893728,-5901,7,-1.04712,-1.0463,-1.05922,3,26,0
287000,0.017889,0.0193578,0.00776179,-5912,7,-0.331761,-0.295808,-0.334113,3,26,21
287500,0.0172613,0.0184276,0.0100328,-5922,7,-1.52251,-1.52239,-1.48971,3,26,44
288000,0.0190134,0.0184191,0.0104667,-5933,7,-1.41808,-1.4234,-1.41513,3,27,9
288500,0.017944,0.0181035,0.00892358,-5944,7,-0.996773,-0.997384,-0.990379,3,27,32
289000,0.0184201,0.0181875,0.0115758,-5955,7,-1.11361,-1.11196,-1.11151,3,27,54
289500,0.0181208,0.0210292,0.01044,-5966,7,-0.710249,-0.713792,-0.693218,3,28,15
290000,0.0165598,0.0210701,0.0106505,-5977,7,-0.817544,-0.820352,-0.812162,3,28,40
290500,0.0191835,0.0185828,0.00956256,-5988,7,-0.635897,-0.639885,-0.626671,3,29,1
291000,0.0170511,0.0199856,0.010392,-5998,7,-1.64662,-1.70855,-1.61543,3,29,25
291500,0.018743,0.0187944,0.00799615,-6009,7,-1.3223,-1.32097,-1.33017,3,29,48
292000,0.0184522,0.0174727,0.00867008,-6020,7,-1.16224,-1.15521,-1.14952,3,30,12
292500,0.0182909,0.0177923,0.00900466,-6031,7,-1.01378,-1.0163,-1.01111,3,30,35
293000,0.0158553,0.0176955,0.0122295,-6042,7,-0.894462,-0.902013,-0.902085,3,30,59
293500,0.0177906,0.02208,0.0118056,-6053,7,-1.05893,-1.05713,-1.05993,3,31,24
294000,0.0181121,0.0181769,0.0106182,-6064,7,-0.567124,-0.567538,-0.557369,3,31,47
294500,0.0176166,0.0207824,0.0103153,-6075,7,-0.792258,-0.7874,-0.789376,3,32,11
295000,0.0190304,0.0188867,0.0103847,-6085,7,-1.41511,-1.41279,-1.42315,3,32,34
295500,0.0189639,0.0188657,0.00972604,-6096,7,-1.1982,-1.1993,-1.18268,3,32,55
296000,0.0177295,0.0184413,0.00818047,-6107,7,-1.00405,-1.00628,-0.996154,3,33,18
296500,0.0172206,0.0180043,0.0104586,-6118,7,-0.955118,-0.955894,-0.960682,3,33,42
297000,0.0161791,0.0211721,0.00972686,-6129,7,-0.956763,-0.964843,-0.951039,3,34,5
297500,0.0185082,0.019784,0.0111289,-6140,7,-0.923176,-0.921857,-0.923212,3,34,29
298000,0.0180996,0.0185611,0.00730655,-6151,7,-0.82469,-0.823123,-0.836067,3,34,51
298500,0.0184988,0.0192082,0.0100709,-6162,7,-0.519763,-0.508338,-0.525132,3,35,15
299000,0.0174975,0.0205347,0.0093289,-6172,7,-1.01746,-1.00755,-1.02617,3,35,37
299500,0.018484,0.0195531,0.00744346,-6183,7,-1.2526,-1.26366,-1.25774,3,36,2
300000,0.0176443,0.0181568,0.00963869,-6194,7,-1.06669,-1.06781,-1.0579,3,36,27
300500,0.0176837,0.0194556,0.0112124,-6205,7,-1.09803,-1.10219,-1.10893,3,36,51
301000,0.0169234,0.0190182,0.0124897,-6216,7,-0.797334,-0.804512,-0.79591,3,37,14
301500,0.0182077,0.018741,0.00726179,-6227,7,-0.819588,-0.822445,-0.820332,3,37,36
302000,0.0179194,0.0192394,0.0103326,-6238,7,-0.606349,-0.607487,-0.591048,3,37,59
302500,0.0174559,0.0203461,0.00937142,-6248,7,-1.4305,-1.48007,-1.39709,3,38,22
303000,0.0185009,0.0188484,0.0108793,-6259,7,-1.44528,-1.44428,-1.44784,3,38,45
303500,0.0188247,0.0204234,0.00938041,-6270,7,-0.697242,-0.729778,-0.682429,3,39,8
304000,0.0182052,0.0177802,0.0114934,-6281,7,-1.22299,-1.22607,-1.22075,3,39,31
304500,0.0156386,0.0184213,0.0111303,-6292,7,0.0175008,-0.0202919,-0.0577828,3,39,53
305000,0.0178861,0.02209,0.00887091,-6303,7,-0.898057,-0.901899,-0.903258,3,40,18
305500,0.0174808,0.0176896,0.011336,-6314,7,-0.674839,-0.680711,-0.670441,3,40,41
306000,0.0184305,0.0215671,0.00910313,-6325,7,-0.522118,-0.522329,-0.515778,3,41,3
306500,0.0184249,0.0228412,0.010427,-6332,7,-0.560009,-0.561573,-0.587953,3,41,27
307000,0.0150938,0.0202756,0.00916316,-6343,7,-1.02283,-1.02144,-1.03789,3,41,51
307500,0.0168295,0.0191017,0.0101238,-6354,7,-0.698113,-0.694938,-0.695281,3,42,15
308000,0.0175768,0.0187807,0.00878383,-6364,7,-1.06401,-1.07626,-1.02973,3,42,37
308500,0.0188324,0.0176783,0.0107549,-6375,7,-1.36656,-1.37005,-1.37,3,43,0
309000,0.0181497,0.0196563,0.00905693,-6386,7,-0.776653,-0.779136,-0.766583,3,43,24
309500,0.0175809,0.0188694,0.0120917,-6397,7,-1.01851,-1.01786,-1.01508,3,43,47
310000,0.0189016,0.0233097,0.0106055,-6408,7,-0.520448,-0.524959,-0.515917,3,44,12
310500,0.0155497,0.02388,0.0118277,-6419,7,-0.896221,-0.906989,-0.904492,3,44,35
311000,0.0216928,0.0191296,0.00875279,-6430,7,-0.318147,-0.31897,-0.291728,3,44,58
311500,0.0173867,0.0181707,0.0090557,-6441,7,-1.8791,-1.98654,-1.85003,3,45,19
312000,0.0182135,0.0191492,0.00730636,-6451,7,-0.93076,-0.930173,-0.920867,3,45,43
312500,0.0174309,0.0173701,0.0115042,-6462,7,-0.930024,-0.934379,-0.918487,3,46,7
313000,0.017292,0.0190294,0.0123008,-6473,7,-0.836263,-0.850246,-0.858635,3,46,31
313500,0.0158049,0.020638,0.00938737,-6484,7,-0.750294,-0.742402,-0.722582,3,46,53
314000,0.0174176,0.0207876,0.0117925,-6495,7,-1.06979,-1.06678,-1.07072,3,47,15
314500,0.0179498,0.0227168,0.0101598,-6505,7,0.304672,0.258182,0.320199,3,47,38
315000,0.0180101,0.0200569,0.0117842,-6513,7,-1.16609,-1.17106,-1.17162,3,48,1
315500,0.0174123,0.022647,0.0104421,-6524,7,-0.53647,-0.535591,-0.534943,3,48,24
316000,0.015678,0.0198715,0.010984,-6535,7,-1.01892,-1.00571,-1.02329,3,48,47
316500,0.0190479,0.019945,0.00918359,-6546,7,-0.388063,-0.382309,-0.388493,3,49,8
317000,0.0182649,0.0197429,0.0102047,-6556,7,-1.56252,-1.58975,-1.54085,3,49,31
317500,0.018137,0.0184354,0.00858631,-6567,7,-1.07396,-1.08153,-1.07867,3,49,55
318000,0.0174918,0.0192418,0.0101913,-6578,7,-1.02085,-1.02124,-1.01143,3,50,17
318500,0.0179479,0.0195232,0.0085918,-6589,7,-0.658782,-0.656245,-0.645212,3,50,41
319000,0.018442,0.0173258,0.010565,-6600,7,-0.940274,-0.940464,-0.948735,3,51,3
319500,0.0156669,0.0224535,0.0082422,-6611,7,-0.420987,-0.418587,-0.406211,3,51,25
320000,0.0177715,0.0178616,0.010758,-6622,7,-0.600934,-0.611466,-0.599877,3,51,50
320500,0.0164251,0.0208222,0.0106681,-6633,7,-0.24209,-0.211247,-0.335751,3,52,14
321000,0.0176088,0.0190418,0.00909579,-6643,7,-1.45609,-1.46087,-1.47009,3,52,37
321500,0.0177388,0.0177219,0.0104008,-6654,7,-1.02282,-1.02272,-1.00474,3,53,1
322000,0.0192631,0.0194169,0.0112814,-6665,7,-0.879025,-0.884241,-0.892149,3,53,23
322500,0.017477,0.0185552,0.0107679,-6676,7,-1.03252,-1.02814,-1.03013,3,53,45
323000,0.0167706,0.0200383,0.00965496,-6687,7,-0.540073,-0.533021,-0.530818,3,54,8
323500,0.0169186,0.0203861,0.00942322,-6698,7,-0.627514,-0.626686,-0.636997,3,54,31
324000,0.0190849,0.0171382,0.00961134,-6709,7,-0.388149,-0.378238,-0.384895,3,54,54
324500,0.0180265,0.0192651,0.00955049,-6719,7,-1.37908,-1.39141,-1.38126,3,55,16
325000,0.02004,0.018418,0.0081798,-6730,7,-0.899672,-0.903689,-0.88207,3,55,41
325500,0.0180264,0.0187259,0.00990444,-6741,7,-1.30583,-1.30433,-1.31054,3,56,5
326000,0.0186354,0.0210289,0.0104739,-6752,7,-0.640031,-0.637731,-0.63975,3,56,29
326500,0.0166061,0.0223262,0.0101638,-6763,7,-0.682784,-0.690401,-0.688684,3,56,52
327000,0.0169706,0.0216778,0.0097786,-6774,7,-0.816576,-0.817603,-0.826773,3,57,14
327500,0.0188007,0.0196622,0.00983353,-6785,7,-0.587945,-0.585779,-0.595115,3,57,38
328000,0.0182239,0.0185515,0.011187,-6796,7,-0.786488,-0.787317,-0.787047,3,58,2
328500,0.0182317,0.0200239,0.0092572,-6806,7,-0.825324,-0.848553,-0.808575,3,58,27
329000,0.0186793,0.0176663,0.0114151,-6817,7,-1.29703,-1.29595,-1.29143,3,58,49
329500,0.0179842,0.0192823,0.00924737,-6828,7,-0.635267,-0.638172,-0.622817,3,59,14
330000,0.018702,0.0188254,0.00991334,-6839,7,-1.19872,-1.20488,-1.20716,3,59,38
330500,0.0200319,0.0184124,0.0106762,-6850,7,-0.529807,-0.528733,-0.523384,4,0,1
331000,0.0168332,0.0234025,0.0115689,-6861,7,-1.0392,-1.03733,-1.03896,4,0,24
331500,0.0198965,0.0197123,0.0103613,-6872,7,-0.233286,-0.215125,-0.229191,4,0,46
332000,0.0167325,0.0182146,0.011369,-6883,7,-0.768503,-0.753578,-0.780103,4,1,10
332500,0.0183626,0.0178823,0.0120475,-6893,7,-1.33566,-1.33706,-1.3249,4,1,32
333000,0.0179297,0.0178314,0.00962036,-6904,7,-0.775669,-0.776672,-0.756363,4,1,53
333500,0.0196263,0.017856,0.0122268,-6915,7,-1.09373,-1.09439,-1.08668,4,2,17
334000,0.0167221,0.0207186,0.0126845,-6926,7,-0.547863,-0.549598,-0.531385,4,2,41
334500,0.0159962,0.0185375,0.011896,-6937,7,-0.70384,-0.704283,-0.690926,4,3,4
335000,0.0180354,0.0197346,0.0097299,-6948,7,-0.271533,-0.274931,-0.264743,4,3,27
335500,0.0169545,0.017929,0.00938654,-6959,7,-0.645029,-0.647858,-0.651908,4,3,50
336000,0.0174928,0.0192009,0.00730974,-6969,7,-1.0053,-1.00204,-0.996263,4,4,14
336500,0.0183852,0.0173544,0.00869263,-6980,7,-1.32224,-1.31952,-1.31245,4,4,37
337000,0.018227,0.0193286,0.00756071,-6991,7,-0.853386,-0.8505,-0.84401,4,5,0
337500,0.0177343,0.0176734,0.0102734,-7002,7,-1.01337,-1.01395,-1.01473,4,5,23
338000,0.0177839,0.0200016,0.0129205,-7013,7,-1.01404,-1.0124,-1.00986,4,5,46
338500,0.0174177,0.0222535,0.0109877,-7024,7,-0.5101,-0.514293,-0.508004,4,6,9
339000,0.0157817,0.0206628,0.0107438,-7035,7,-0.934982,-0.926328,-0.941777,4,6,33
339500,0.018854,0.0195346,0.00922651,-7046,7,0.00258442,0.0102298,0.0170141,4,6,56
340000,0.0178858,0.0203447,0.0105426,-7056,7,-1.44036,-1.4615,-1.41546,4,7,20
340500,0.0183445,0.0179906,0.00859056,-7067,7,-0.874819,-0.872784,-0.859652,4,7,45
341000,0.0176558,0.019146,0.010011,-7078,7,-1.06891,-1.0665,-1.0599,4,8,6
341500,0.0179479,0.0195232,0.0085918,-7089,7,-0.64861,-0.645326,-0.629212,4,8,30
342000,0.0173166,0.0188477,0.0114037,-7100,7,-1.1077,-1.10162,-1.11584,4,8,51
342500,0.0159673,0.0222879,0.00872056,-7111,7,-0.618064,-0.618644,-0.618949,4,9,15
343000,0.0177715,0.0178616,0.010758,-7122,7,-0.732297,-0.739622,-0.727534,4,9,39
343500,0.017043,0.0201175,0.00943671,-7133,7,-0.551171,-0.52089,-0.655174,4,10,2
344000,0.0176088,0.0190418,0.00909579,-7143,7,-1.40646,-1.41143,-1.41419,4,10,24
344500,0.0177388,0.0177219,0.0104008,-7154,7,-1.06058,-1.0613,-1.04472,4,10,48
345000,0.0192631,0.0194169,0.0112814,-7165,7,-0.747746,-0.75734,-0.754101,4,11,10
345500,0.017477,0.0185552,0.0107679,-7176,7,-0.725635,-0.725144,-0.728764,4,11,32
346000,0.0172065,0.018477,0.00902039,-7187,7,-0.348452,-0.349714,-0.333031,4,11,56
346500,0.0159061,0.0209572,0.00944749,-7198,7,-0.792703,-0.798631,-0.801426,4,12,20
347000,0.0174622,0.0161222,0.00822469,-7205,7,1.74894,1.77523,1.7865,4,12,43
347500,0.0187671,0.0215257,0.0102922,-7216,7,-0.925231,-0.922901,-0.922657,4,13,4
348000,0.0170539,0.0191023,0.00802102,-7227,7,-0.424181,-0.41705,-0.427245,4,13,26
348500,0.0184456,0.0186721,0.0107479,-7238,7,-0.753672,-0.72885,-0.718124,4,13,50
349000,0.0182241,0.0199758,0.00815474,-7248,7,-0.88683,-0.900745,-0.864579,4,14,14
349500,0.018647,0.0193761,0.00936549,-7259,7,-1.44768,-1.4543,-1.4535,4,14,37
350000,0.019319,0.0179726,0.00844546,-7270,7,-0.64309,-0.643122,-0.628251,4,15,0
350500,0.0183308,0.0184682,0.0111833,-7281,7,-1.2029,-1.20257,-1.20189,4,15,24
351000,0.0195843,0.0203684,0.0112328,-7292,7,-0.468241,-0.479811,-0.465212,4,15,47
351500,0.0158276,0.0226313,0.00748573,-7303,7,-0.704908,-0.715493,-0.720393,4,16,11
352000,0.0177821,0.0183915,0.0106429,-7314,7,-0.57094,-0.56916,-0.557805,4,16,37
352500,0.0166191,0.019286,0.00995466,-7324,7,-1.06854,-1.09428,-1.03146,4,17,1
353000,0.0193289,0.0179617,0.0107788,-7335,7,-1.50709,-1.51182,-1.49715,4,17,25
353500,0.0189943,0.0189214,0.00882474,-7346,7,-0.662608,-0.664198,-0.649162,4,17,48
354000,0.018264,0.017792,0.0118477,-7357,7,-1.18223,-1.18553,-1.18555,4,18,11
354500,0.0158942,0.0213054,0.0114745,-7368,7,-0.252482,-0.257188,-0.236257,4,18,32
355000,0.0167094,0.0218936,0.0118054,-7379,7,-1.24744,-1.26419,-1.25943,4,18,55
355500,0.0204944,0.0178488,0.0107563,-7390,7,-0.094501,-0.0896633,-0.063346,4,19,19
356000,0.0173508,0.0202611,0.0103779,-7401,7,-0.983184,-0.990269,-0.994531,4,19,41
356500,0.0185823,0.0187359,0.0083953,-7411,7,-0.743741,-0.739348,-0.727293,4,20,4
357000,0.0179459,0.0174137,0.0106979,-7422,7,-1.04266,-1.03986,-1.02513,4,20,26
357500,0.0182486,0.0181776,0.011225,-7433,7,-1.23064,-1.22817,-1.2214,4,20,50
358000,0.016691,0.0175973,0.00976211,-7444,7,-0.763179,-0.768564,-0.76529,4,21,11
358500,0.0163232,0.0211992,0.0130786,-7455,7,-1.27248,-1.27427,-1.27266,4,21,34
359000,0.0184678,0.0222392,0.00954587,-7466,7,-0.376854,-0.376282,-0.367708,4,21,58
359500,0.0147796,0.0209353,0.00975327,-7477,7,-0.997093,-0.989026,-1.00266,4,22,23
360000,0.0179471,0.0188219,0.00814991,-7488,7,-0.132874,-0.0944393,-0.0944993,4,22,47
360500,0.0179648,0.0197816,0.00865006,-7498,7,-1.32719,-1.32614,-1.30538,4,23,10
361000,0.0189151,0.019178,0.0069818,-7509,7,-0.808305,-0.810321,-0.800818,4,23,33
361500,0.0179555,0.0176566,0.0089956,-7520,7,-0.655445,-0.665391,-0.654453,4,23,54
362000,0.0178564,0.0188374,0.00851923,-7531,7,-0.474013,-0.480143,-0.466399,4,24,18
362500,0.0164247,0.0174776,0.0138783,-7542,7,-0.690766,-0.704275,-0.692938,4,24,41
363000,0.0165384,0.0219237,0.0111874,-7553,7,-0.771344,-0.779562,-0.781822,4,25,5
363500,0.0174519,0.0177451,0.00955061,-7564,7,-0.45325,-0.455408,-0.439107,4,25,28
364000,0.016381,0.0193484,0.0109334,-7574,7,-1.63528,-1.67584,-1.61102,4,25,51
364500,0.0189756,0.0187989,0.00987235,-7585,7,-0.804423,-0.806577,-0.80299,4,26,14
365000,0.0191684,0.018954,0.00914353,-7596,7,-1.24113,-1.2396,-1.2379,4,26,39
365500,0.0184761,0.0174213,0.00961635,-7607,7,-0.709205,-0.714518,-0.705685,4,27,2
366000,0.0167033,0.0186758,0.0110042,-7618,7,-0.867444,-0.865127,-0.883055,4,27,24
366500,0.0169652,0.0205847,0.00962941,-7629,7,-0.147427,-0.148792,-0.12642,4,27,47
367000,0.016195,0.0182278,0.00999756,-7640,7,-0.640422,-0.639315,-0.634796,4,28,10
367500,0.0188592,0.0199662,0.00899773,-7651,7,-0.0869402,-0.0882686,-0.0876662,4,28,34
368000,0.0191163,0.018678,0.0109961,-7661,7,-1.70841,-1.70646,-1.71782,4,28,57
368500,0.0186662,0.0190602,0.00985986,-7672,7,-0.670422,-0.683639,-0.698591,4,29,18
369000,0.0172631,0.0192737,0.00817834,-7683,7,-0.898461,-0.906453,-0.908042,4,29,41
369500,0.0167062,0.0171988,0.010904,-7694,7,-0.872406,-0.881718,-0.882555,4,30,4
370000,0.0159872,0.0219669,0.0118211,-7705,7,-0.400101,-0.405867,-0.386534,4,30,28
370500,0.0186989,0.0212409,0.0113228,-7716,7,-1.02834,-1.02885,-1.02617,4,30,51
371000,0.0178955,0.0193793,0.00792425,-7727,7,-0.369517,-0.385742,-0.372648,4,31,17
371500,0.0184456,0.0186721,0.0107479,-7738,7,-0.625932,-0.605974,-0.588506,4,31,41
372000,0.0182241,0.0199758,0.00815474,-7748,7,-0.931083,-0.939194,-0.904841,4,32,7
372500,0.018647,0.0193761,0.00936549,-7759,7,-1.55708,-1.56539,-1.56253,4,32,32
