500,0.542245,0.549351,0.546015,-6,0,0,0,13,0.0694217,0.0675399,0.0731065,0.0103121,0.00780787,0.0108484
1000,-0.156851,-0.199995,-0.172801,-10,1,0,0,18,0.0442883,0.0596355,0.0445262,0.0106662,0.00881737,0.00983012
1500,0.348651,0.339006,0.33486,-21,1,0,0,24,0.032279,0.0470011,0.0506649,0.0104919,0.00817181,0.0106747
2000,-0.131652,-0.143967,-0.164016,-32,1,0,0,29,-0.0241261,0.00951819,-0.0143963,0.0105863,0.00878453,0.00998582
2500,0.392907,0.376849,0.378028,-39,1,0,0,36,0.0454215,0.0474096,0.0636212,0.0104595,0.00809598,0.0106911
3000,-0.522798,-0.536413,-0.540095,-46,1,0,0,42,-0.213014,-0.17095,-0.191595,0.0105238,0.00913952,0.00979223
3500,0.358609,0.336395,0.355158,-57,1,0,0,47,-0.14013,-0.136207,-0.0843991,0.0103151,0.00817883,0.0109328
4000,-0.171434,-0.184735,-0.190179,-68,1,0,0,53,-0.0380728,-0.00881815,-0.0324931,0.0105784,0.00882344,0.00995867
4500,0.184657,0.200793,0.212359,-75,1,0,0,59,-0.686422,-0.672784,-0.650041,0.00980228,0.00803472,0.0115113
5000,0.202546,0.204713,0.218821,-77,2,0,1,5,-0.0330437,-0.0294832,-0.0236907,0.0104865,0.00833728,0.0106276
5500,-0.209078,-0.220079,-0.228189,-78,4,0,1,25,0.09433,0.0894978,0.0917562,0.0103325,0.0086698,0.00938637
6000,-0.242112,-0.256173,-0.253057,-78,5,0,1,45,-0.173381,-0.15892,-0.139709,0.00937291,0.00844874,0.00933533
6500,-0.0246386,-0.0217286,-0.0162188,-77,7,0,2,7,0.0975188,0.0867831,0.097659,0.00967755,0.00828366,0.00935581
7000,0.752617,0.746961,0.750765,-77,8,0,2,28,0.179166,0.1486,0.152525,0.00987157,0.00754152,0.0110786
7500,0.0205199,0.0227353,0.0102468,-76,10,0,2,49,0.140857,0.143547,0.140057,0.00944706,0.00814206,0.00919859
8000,0.635959,0.630573,0.622504,-75,11,0,3,11,0.28256,0.265266,0.273837,0.0101647,0.00782213,0.0110834
8500,0.776379,0.786048,0.795753,-75,13,0,3,32,0.25735,0.23751,0.246266,0.0101174,0.00765681,0.011831
9000,0.483324,0.470141,0.484701,-77,14,0,3,54,0.341897,0.320926,0.321549,0.0103517,0.00796949,0.0111363
9500,-0.233566,-0.231583,-0.226001,-82,15,0,4,15,0.24912,0.23684,0.253587,0.00871202,0.00788723,0.00811627
10000,0.431825,0.422832,0.423882,-83,16,0,4,40,0.429035,0.412031,0.425604,0.0106593,0.0082869,0.0115192
10500,0.839319,0.827873,0.82952,-89,16,0,5,2,0.424966,0.405762,0.421074,0.011128,0.00800619,0.0134021
11000,-0.480438,-0.50848,-0.449988,-93,17,0,5,23,0.142424,0.119728,0.23553,0.00693343,0.00668145,0.00639403
11500,-0.280645,-0.268649,-0.284447,-98,18,0,5,45,0.261356,0.274994,0.249586,0.00780514,0.00705217,0.00749451
12000,-0.123397,-0.133901,-0.142205,-100,19,0,6,6,0.353388,0.352893,0.349377,0.00865773,0.00747199,0.00862206
12500,-0.457668,-0.451825,-0.463299,-105,20,0,6,27,0.345043,0.360447,0.325835,0.0070432,0.0065894,0.00640524
13000,-0.0445504,-0.0441273,-0.0557634,-107,21,0,6,49,0.29937,0.305845,0.268694,0.00857404,0.00719155,0.00881178
13500,0.40934,0.410422,0.391469,-114,21,0,7,11,0.457616,0.470473,0.450635,0.0111149,0.00861297,0.0127707
14000,0.282081,0.280856,0.254051,-119,22,0,7,32,0.45461,0.455355,0.451784,0.0107782,0.00853503,0.0120553
14500,0.405421,0.386261,0.399598,-125,23,0,7,56,0.447074,0.420905,0.458294,0.0112941,0.00871864,0.0130539
15000,0.482689,0.471811,0.466685,-129,24,0,8,17,0.341924,0.352581,0.344225,0.0110489,0.00849247,0.0134484
15500,-0.0390139,-0.0483443,-0.0425265,-135,25,0,8,39,0.358066,0.354411,0.340883,0.00880357,0.00734686,0.00910538
16000,0.0819551,0.0870345,0.0507868,-140,26,0,9,1,0.149341,0.19223,0.146416,0.0079366,0.00653818,0.00911829
16500,0.447106,0.465388,0.43739,-146,27,0,9,23,0.453374,0.448159,0.452045,0.0117653,0.00922513,0.0143868
17000,-0.536314,-0.526035,-0.574169,-156,27,0,9,45,-0.488916,-0.463203,-0.471693,-0.00182048,-0.00160486,-0.00203702
17500,-0.0537138,-0.0677423,-0.081032,-167,27,0,10,6,0.421898,0.43572,0.429658,0.00904817,0.00765527,0.00941452
18000,-0.629553,-0.610779,-0.645925,-172,28,0,10,29,-0.723355,-0.676055,-0.696892,-0.00484074,-0.004913,-0.00512939
18500,-0.0867552,-0.0860865,-0.110607,-183,28,0,10,51,0.342967,0.365774,0.342045,0.00827699,0.00665763,0.00841606
19000,-0.241437,-0.244608,-0.247519,-194,28,0,11,16,-0.0937711,-0.0643382,-0.0986024,0.00199333,0.00134683,0.00190275
19500,-0.00385444,-0.00564439,-0.00857984,-205,28,0,11,37,0.444388,0.454644,0.440591,0.00965799,0.00792466,0.0105651
20000,0.032154,0.0506904,0.0116232,-216,28,0,12,2,0.226787,0.268456,0.220484,0.00799319,0.00619947,0.0090333
20500,0.331949,0.313732,0.299971,-227,28,0,12,26,0.530758,0.540273,0.545535,0.0125802,0.0101664,0.0153247
21000,0.117181,0.110219,0.123298,-238,28,0,12,47,0.414391,0.423187,0.429745,0.0107901,0.00864123,0.0124161
21500,-0.774503,-0.770108,-0.789382,-248,28,0,13,9,-0.584528,-0.534148,-0.563452,-0.0104023,-0.0104002,-0.0104027
22000,0.110442,0.138435,0.0752411,-259,28,0,13,33,0.121384,0.18803,0.118228,0.00700159,0.00522317,0.00888662
22500,0.414307,0.397047,0.431864,-265,29,0,13,55,0.419545,0.415315,0.442673,0.013116,0.0103454,0.0166014
23000,0.63111,0.613412,0.626299,-269,30,0,14,19,0.515748,0.525098,0.512735,0.0146004,0.0113289,0.0192819
23500,-0.6698,-0.64695,-0.672975,-271,31,0,14,40,-0.553123,-0.531557,-0.544372,-0.0131265,-0.0127565,-0.0128591
24000,0.232839,0.218523,0.23075,-277,32,0,15,3,0.428131,0.435461,0.44052,0.0122337,0.00969181,0.0149171
24500,-0.320229,-0.310037,-0.322996,-278,33,0,15,25,-0.0459355,-0.0242071,-0.0456346,-0.00358033,-0.00351656,-0.0034972
25000,1.43093,1.43014,1.4116,-287,33,0,15,50,0.61867,0.613601,0.609245,0.020736,0.0142606,0.0285432
25500,0.731873,0.737423,0.687692,-289,35,0,16,13,0.624802,0.641367,0.620519,0.0167634,0.0128283,0.0222479
26000,0.137753,0.144402,0.133826,-300,35,0,16,35,0.473424,0.473932,0.483206,0.0119292,0.00969636,0.0145842
26500,-0.204921,-0.203417,-0.217976,-301,36,0,16,57,-0.0377378,-0.0095248,-0.0373435,-0.00365201,-0.00367817,-0.00267089
27000,0.153376,0.172378,0.169305,-312,36,0,17,18,0.616033,0.632063,0.610046,0.0134578,0.0111617,0.0166335
27500,0.197685,0.196959,0.195219,-314,37,0,17,40,0.489597,0.510166,0.502537,0.0130633,0.0106699,0.0160825
28000,0.183614,0.163605,0.151552,-321,37,0,18,2,0.694308,0.719324,0.705525,0.0142646,0.0120429,0.0177189
28500,1.13405,1.09893,1.11839,-321,38,0,18,23,0.660857,0.687642,0.664534,0.0215602,0.0157551,0.0286186
29000,0.289441,0.279283,0.260062,-324,39,0,18,46,0.740615,0.73987,0.731515,0.0155597,0.0132804,0.019693
29500,0.640256,0.625791,0.649276,-334,39,0,19,8,0.660066,0.662788,0.65854,0.018307,0.0145493,0.023715
30000,-0.137516,-0.15103,-0.163313,-336,40,0,19,35,0.533159,0.563709,0.480388,0.00805252,0.0070056,0.00910931
30500,0.0313862,0.0296111,0.0420332,-338,41,0,19,57,0.631593,0.661779,0.641591,0.0128979,0.0111751,0.0155564
31000,0.119439,0.108668,0.139792,-345,41,0,20,20,0.750251,0.759301,0.741971,0.0149247,0.0131533,0.0184899
31500,1.01959,1.02267,1.01392,-349,42,0,20,42,0.615541,0.632137,0.62077,0.0225369,0.0169952,0.0293416
32000,-0.0197233,-0.0247444,-0.0233774,-350,44,0,21,3,0.67226,0.688569,0.670901,0.012688,0.0112103,0.0149986
32500,-0.109864,-0.100549,-0.100084,-355,45,0,21,25,0.537897,0.557973,0.537893,0.00932201,0.00813977,0.0106486
33000,-0.307873,-0.299349,-0.337548,-362,45,0,21,47,0.388598,0.468062,0.35628,6.88252e-05,-1.84127e-05,-0.000385298
33500,0.874941,0.87773,0.848036,-366,46,0,22,10,0.725961,0.726767,0.732172,0.0232209,0.0179706,0.0295907
34000,0.904612,0.905117,0.906033,-367,47,0,22,31,0.711978,0.732445,0.723412,0.0239128,0.018502,0.0304563
34500,0.141818,0.107053,0.155752,-373,47,0,22,56,0.493112,0.498565,0.514448,0.0138236,0.0117248,0.016579
35000,0.911191,0.938724,0.903481,-376,48,0,23,17,0.763685,0.792472,0.773506,0.0253837,0.0197457,0.0319752
35500,1.49481,1.47226,1.48624,-383,48,0,23,41,0.744151,0.748595,0.738963,0.0316047,0.0234516,0.0405819
36000,0.636665,0.625682,0.637247,-386,49,0,24,2,0.672997,0.691133,0.673132,0.0218516,0.0175425,0.027274
36500,-0.0402831,-0.0207397,-0.0632734,-386,51,0,24,23,0.724534,0.788288,0.722604,0.0141339,0.0127975,0.0164213
37000,-0.0830271,-0.102341,-0.0802792,-386,53,0,24,47,0.906831,0.915848,0.915551,0.0155293,0.0145208,0.0180464
37500,1.18945,1.13352,1.17822,-392,53,0,25,8,0.70393,0.698455,0.700002,0.029491,0.0223626,0.0371996
38000,0.224406,0.227359,0.223233,-393,55,0,25,32,0.653761,0.672221,0.661556,0.01763,0.015402